-0.685894346419637,-0.498874123473262,-0.353222814092478,-0.168363784182074,-0.00511873432760928,0.131620613910137,0.244485813415069,0.329435836916611,0.378591845439175,0.405404288679526,0.398231822328633,0.402319321293652,0.363212881338589,0.391384883454586,0.357281086957712,0.39841338650261,0.429987411484222,0.489829943203083,0.525042010335403,0.575085791585031,0.678032975831862,0.79554831426436,0.862683336023153,0.976480873397428,1.12109435463594,1.28294620629277,1.39104165454104,1.50824468378867,1.62839913616217,1.78645823675407,1.84454705645974,1.89870475432095,1.96857094001777,1.97481926052856,1.98145307865183,1.95047891963169,1.94919109182716,1.95988258966376,1.89961126623462,1.90689025458432,1.93164386698376,1.93669894011555,1.90991657628093,1.93499935880038,1.89992515674934,1.88969642472838,1.90411661384497,1.84743808556084,1.77551657393602,1.66821538496903,1.52341900939125,1.40290478941916,1.2062808514066,0.988269433127853,0.769645196756473,0.497779874860436,0.266435014277875,-0.00262053924617851,-0.223381390511186,-0.418964197585492,-0.641473862754792,-0.801590691937441,-0.905573300069354,-0.997668843688269,-1.08534857601866,-1.09658129100265,-1.07074290784684,-1.03126473618158,-0.924486681315128,-0.81625291751951
1.46820851429699,1.33237376334114,1.15190106606534,0.961300282463263,0.710358046068371,0.380999655946141,0.0393796149248428,-0.236054648541455,-0.548153630678596,-0.87246616828859,-1.16583629095309,-1.38490041817922,-1.61925128651591,-1.78090234132202,-1.86902062916092,-1.91960308400026,-1.96970199356616,-1.94279597083376,-1.86012860966186,-1.72314708647285,-1.61442562865173,-1.49641622026644,-1.37375044838503,-1.22921495306063,-1.10054461108118,-0.998409807921373,-0.937349630764493,-0.826780969542205,-0.756246821930316,-0.69580584231338,-0.608952086045803,-0.496151597774567,-0.379976921351382,-0.28804563544617,-0.207469055002772,-0.10630716152447,-0.000998813610837963,0.0467979120307183,0.122161539859255,0.117663667321432,0.112976633126202,0.137147615114546,0.0911104245947715,0.0771884374832594,0.0487558736588248,0.0597944319971805,0.0249884244515116,-0.0105905227973419,0.0229186091822073,0.0654112052073243,0.131947612014437,0.219767439003893,0.251746155142137,0.323860236635102,0.433842934912429,0.567935806624284,0.698621635547772,0.797092455633164,0.935123105707483,1.05521140140183,1.15792000990788,1.26715272379092,1.37347110756286,1.45445841557165,1.54571074059305,1.61409253918536,1.62029459842284,1.66454709742023,1.62530349280153,1.56627451954947
1.52930293360453,1.37003164343597,1.22264444132617,1.0593947391949,0.928734257148581,0.794025843534701,0.66367767508011,0.534996292432299,0.384061034081282,0.253540590528951,0.0787052480872136,-0.0369809275338485,-0.242446468271208,-0.399540958011987,-0.549238867206256,-0.701375405301886,-0.835846909856994,-0.97338790772199,-1.05687638228434,-1.13265937331773,-1.20885737996483,-1.24780576938037,-1.31183830348509,-1.32080992896485,-1.32543554758002,-1.37005444293318,-1.40679623578036,-1.42308238715231,-1.41218469861543,-1.3864484733135,-1.40764052703687,-1.42626065502744,-1.39287024000195,-1.39849659006132,-1.37860670476879,-1.38149444305456,-1.38591989287481,-1.35112435122819,-1.32035924348144,-1.31965155166758,-1.27829545481711,-1.2432549847212,-1.19325706393143,-1.17861452695324,-1.09634123168743,-1.05042619098389,-0.966562551157197,-0.851713918198201,-0.795245713728176,-0.705496837090936,-0.568007881592016,-0.434307696179869,-0.318539949539922,-0.159331641710712,0.0244755591729205,0.220520001770487,0.443826794497805,0.623679740395134,0.862369558233655,1.09986070948115,1.31266640238055,1.51988612613162,1.63279537937683,1.77732519538668,1.87752479821435,1.89761533544885,1.87769783021163,1.84668863049012,1.74959734262642,1.65367986714365
-0.345853063301583,-0.240614635177685,-0.130591465995204,-0.0301880299765928,0.0849684419888438,0.146795940885438,0.238098264032824,0.23648646781575,0.286091680816744,0.257575886980238,0.253481881963183,0.171238863339588,0.110557627422234,-0.0251150591634946,-0.101864560931994,-0.200964183678111,-0.30814187001452,-0.385866734097837,-0.499588274423564,-0.580304108169423,-0.638734062964563,-0.652517697867092,-0.642100836356312,-0.620069888940835,-0.605775939774432,-0.5648559103725,-0.480823364344668,-0.414825862126597,-0.339736790408754,-0.267695675415549,-0.2112835321856,-0.122318758133099,-0.127161431149353,-0.1556462387791,-0.170458257626157,-0.259796642660579,-0.309094271371905,-0.427963795961154,-0.519802383664073,-0.625548416816885,-0.671408035821033,-0.754573626793651,-0.816404283000234,-0.85749116021343,-0.847123227156129,-0.90373474903187,-0.883794897937152,-0.840101541768254,-0.860991912960562,-0.828012821937086,-0.811691661904663,-0.751645270574569,-0.721306077632238,-0.676206755512328,-0.646590886388219,-0.594252046974311,-0.567197660291438,-0.565908469773198,-0.525299698654581,-0.525256660774329,-0.525383085063951,-0.508893757786898,-0.541087922379209,-0.587490169081706,-0.621532831859975,-0.604719761476894,-0.581426910678566,-0.548541839472272,-0.478623667706607,-0.436168849695663
0.871786348479974,0.771763265922966,0.648059119805104,0.5553337298929,0.479637691631603,0.384082200378791,0.34454100131427,0.257844251662219,0.23505278001548,0.179843363190728,0.179058789103454,0.152469434659787,0.16988061242064,0.154153904211039,0.135405715043091,0.165614262817208,0.152009861695147,0.172850590315523,0.190526151053955,0.163590753800198,0.135972815454142,0.100641477767883,0.0439348606293186,-0.0158674747957852,-0.130884775315228,-0.26768328387234,-0.37876582599593,-0.496483197265281,-0.678193693326572,-0.834041024184666,-0.978592952154141,-1.04357613837918,-1.10584538433628,-1.14449075960857,-1.16179420494285,-1.08989903394967,-1.01344374033226,-0.854253326147565,-0.679186348067029,-0.488888968400415,-0.303028161238853,-0.0298441416353965,0.170664397830806,0.367361715149743,0.560261649017485,0.719174297436943,0.817832812869624,0.926427333867057,0.948366531611544,0.978134343782642,0.990930387347073,0.941139718396512,0.917953210205957,0.903532024141051,0.882974281020203,0.869881734930883,0.844924918479941,0.870372787620849,0.924801018272351,0.946583839095755,1.01572601677476,1.03013699898442,1.11721573716294,1.14154223572301,1.17193961179652,1.17374151119922,1.12879512602665,1.12552539210033,1.04529958429321,0.958696930043752
-3.44203369408974,-3.17644489540776,-3.13983914751473,-2.9217309515747,-2.45617839486792,-2.15905575222166,-1.77666485691843,-1.53288729185637,-1.2817389776426,-0.857109725808136,-0.844724862057118,-0.577347676630425,-0.147168869549586,0.0294618349837577,0.00508031608778806,0.304556245681102,0.257780435446378,0.410915874183875,0.446910021879459,0.66025008340685,0.686446894623185,0.822854468678435,0.528396216952575,0.754996374374633,0.494776514178041,0.359627947527459,0.513597444542985,0.143038540484321,0.161115801495926,0.162660846700456,-0.0785077758462663,-0.411525764753222,-0.459970258384526,-0.685540639867181,-1.09007885672471,-1.07523630341557,-1.09063971735896,-1.3018625590768,-1.29037168966214,-1.47563510605278,-1.48278569771121,-1.60447959615128,-1.64339437609229,-1.83886462052406,-1.63262535814265,-1.80169797520627,-2.08053907514506,-2.35556254869881,-2.73806267474317,-2.82718005718618,-3.05802740420673,-3.21192245244112,-3.53216957133675,-3.69186776541235,-3.86443657236131,-3.93637791786144,-4.1213666453608,-4.09934563293516,-4.25700827921392,-4.28014599748183,-4.35685736563741,-4.30017574856071,-4.35130329409295,-4.33709775835243,-4.06513935661224,-4.16344208180122,-3.91626557052362,-3.83681466487763,-3.84391124216289,-3.55748507963549
2.0007331579016,1.87409846560488,1.69679762035254,1.47322273272532,1.22605565315445,1.07946231324533,1.07023313197458,1.02717346532232,0.918914492132282,1.03803365129269,0.750696699865781,0.988282898437872,0.75868938840109,0.633274525692961,0.617109941865582,0.392546311456145,0.39365603633329,0.0268780619166705,-0.271156746357266,-0.748773588925326,-0.945880037235655,-1.21764870755394,-1.65894664470951,-2.19741564382621,-2.41951602934596,-2.82710399117475,-2.94686960294745,-3.16519811213448,-3.29334731340561,-3.60569287400678,-3.52368782703065,-3.54582875901097,-3.58418997992212,-3.48503646248247,-3.39607781256335,-3.26005186609916,-2.84733237359317,-2.73531658599495,-2.3747794745662,-2.08877400160459,-1.58712010539513,-1.32036576716354,-1.06017279773356,-0.428109498666295,-0.242410719932475,0.416911753865034,0.847690562233145,1.16993600004123,1.7987396938627,1.9062677945441,2.23979192632441,2.26395749296435,2.5229381531002,2.50499719876058,2.64442195954838,2.8908205674051,3.02855108028942,2.92783433948071,2.96680853610217,3.06270018032224,3.03995227299715,3.06194895220318,2.90272118465078,2.86725301555823,2.6891719770785,2.77905045106388,2.68840939309598,2.52959292422671,2.56660490476076,2.38186055761545
2.15887346950555,1.94913807144098,1.6654141638718,1.42158108273936,1.07059825374003,0.635143144781924,0.158154779840803,-0.152926569765351,-0.621506020331501,-0.771362525276653,-0.978220701777486,-1.3239632918596,-1.49588714886241,-1.7797895359742,-2.2856926932105,-2.69773510386297,-3.06562683644281,-3.35542572059351,-3.80121672343609,-3.95862040049008,-4.18186128718939,-4.33999006702283,-4.57120818038728,-4.5322706077955,-4.63605600196106,-4.88628718636314,-4.61480815167421,-4.39126593141151,-4.01103107729942,-3.49526918268021,-3.37384532087907,-3.06829713318604,-2.8204167427166,-2.37849289374319,-1.73299637391044,-1.54026424100509,-1.1706769964263,-1.03697870597458,-0.609714965937413,-0.202021856335423,-0.249017717398904,-0.073604519985128,-0.0465928155129544,0.331318037715599,0.677961493026633,0.86947591611235,1.27672387874116,1.39588679586427,1.86515362421672,2.11912462397418,2.3063445815275,2.86650976245326,3.29016165775836,3.37073461826843,3.84626884720132,4.18927051917434,4.43635784975475,4.71087219945084,4.69983209708519,4.83023904776366,5.02137080721897,4.76716555031807,4.50983974587723,4.56115810573527,4.41670944592295,4.16449940600354,3.73479453796844,3.29138073707253,3.11358822030322,2.6685488490297
1.68190762166201,1.45591595669837,1.3401980464286,1.08668228218762,0.963212507470522,0.810972863410743,0.66947159586528,0.490506145289941,0.0668495668233719,-0.027072119079614,-0.118064431478992,-0.143516646777333,-0.505867922628991,-0.877305656983613,-1.13502313767962,-1.45081233505068,-1.53289101552037,-1.7667298065594,-1.92886276489836,-2.27179643939562,-2.76390408294893,-3.2411990609827,-3.58510461378104,-4.05482719013073,-4.22397033746181,-4.52435039770347,-4.775462323767,-5.1038402436214,-5.59797209782461,-5.96590044483955,-6.1760754004446,-6.4982914059312,-6.89398649790699,-6.91246523256365,-6.92362201443387,-7.12346216523818,-7.00935436137682,-7.05979885768352,-6.79849498819591,-6.5822654419798,-6.31639182415946,-6.16399360387626,-5.76267217334114,-5.13250082445478,-4.7801741578376,-4.09820435503013,-3.38776484787125,-2.96328214502575,-2.32789874280659,-1.58116174737025,-1.27379041743312,-0.558713643000728,-0.237426287174797,0.388059457362156,0.854274127616128,1.09801433995904,1.20096169720787,1.48223618382541,1.79807807188432,2.0227230322365,2.10538717017549,2.33102767840932,2.35158300778587,2.16794642733497,2.1054199662218,1.9747007006419,2.14803742020054,1.959066219898,2.0509041800048,1.88147413232506
-0.339637039540246,-0.405951080559611,-0.551812073133647,-0.443414371843888,-0.346148045235602,-0.325074714047642,-0.601462257705286,-0.607464102971191,-0.68546044295054,-0.565839155349899,-0.569189117069731,-0.455655756864024,-0.194027572642783,-0.25477722025052,-0.0591401053045571,0.0253450586567531,0.220267063801173,0.568258789137777,0.595269289805415,0.600201941779367,0.797344976873721,0.892404310251011,0.837481568945172,0.924538676164163,0.845725641480847,0.613189228196646,0.526363811552922,0.334454850570474,0.0294782483663738,0.0417798561864511,-0.104578118865387,-0.318609733218498,-0.452533605151815,-0.664780102361948,-0.761264786618907,-0.695276061494418,-0.606114873293445,-0.817617084739175,-0.922277202090286,-1.09322420942183,-0.790279371907457,-0.912358501955372,-0.835039321128354,-1.08512548456416,-1.30522837703769,-1.41798481321048,-1.78911838689321,-2.06176527467995,-2.31284661577234,-2.71435166368983,-3.01318026089886,-3.32505775106611,-3.70040813489935,-3.88062841870494,-4.02510833472001,-4.11189856648331,-4.17909363719355,-4.26839184541849,-4.14274677073487,-3.79591438043646,-3.56189973295136,-3.06413663301456,-2.77898530927056,-2.27815167219443,-2.10083421794201,-1.52220100108472,-1.08034125416414,-0.938202718818378,-0.699176601942264,-0.397547096650182
5.27811249412499,5.56717053039044,5.87548068203534,6.14998955038405,6.42829227358035,6.4454195821653,6.49522785981294,6.34794467344901,6.21879000572062,6.40884201708584,6.14959468797949,6.15519417724616,6.08590857114304,5.99060044392963,5.48989737252195,5.37091880480371,5.11389160717419,4.64723873578718,4.26217819956437,3.75936672259795,3.36385359684419,2.73530098818435,2.09168533180342,1.39460912499346,0.889731422474517,0.269361457601465,-0.222871868644526,-1.02889075073394,-1.58654975680149,-2.40029668435495,-2.8916486827934,-3.14963696303432,-3.28446840433977,-3.84103729420464,-4.17428390361919,-4.45132995176826,-4.76569807049526,-5.07791327260868,-5.14034158330499,-5.44873465608137,-5.65983865725452,-5.69403354812042,-5.92402803272211,-6.15788402986159,-6.18876813378828,-6.29146082118143,-6.17006266825772,-6.10234677511235,-5.88420410258403,-5.72138281802211,-5.50532891549521,-5.295764550779,-4.61964787256596,-3.97933246424382,-3.22514999592577,-2.81332756948422,-1.94746363875114,-1.04261552215764,-0.435721110867768,0.2025262703311,0.987615502647332,1.55507093721934,2.20177329731542,2.63710341522789,3.37421082063468,3.76788624287857,4.33884619249916,4.67439960689245,4.88114890265096,5.31724985536757
-0.2366144881432,-0.288314466452441,-0.300538646032681,-0.365179191171589,-0.397988518050153,-0.46189811270557,-0.520225336606007,-0.624626130091285,-0.727343958124274,-0.785151027854655,-0.866757777184146,-0.979845215362688,-1.06783102446061,-1.13263793279032,-1.24126485040078,-1.27665606144262,-1.29174112279715,-1.27365416139266,-1.23133918250496,-1.16624780676986,-1.02527873341236,-0.889008848618674,-0.726180054197008,-0.531810208723992,-0.345569386674843,-0.146205353620989,-0.0134561563200276,0.150618500690939,0.314651285023623,0.381746844944661,0.477560130070024,0.564201814480853,0.643176607928082,0.643318048338853,0.685544126219819,0.665787588603042,0.680426873929112,0.606987013722753,0.525989097722472,0.502476526114633,0.42558090529569,0.321316948253974,0.188091495814146,0.0897190985274091,-0.0705700958637681,-0.216838830431658,-0.374982782313794,-0.518427559322566,-0.662626687412339,-0.78328337132697,-0.873769813524842,-0.95321634144953,-0.992623261008197,-1.00465782709906,-0.926371356888604,-0.888303333745576,-0.759956495634905,-0.66973101982976,-0.549891310120241,-0.422215296132192,-0.339830406893632,-0.278774541914801,-0.210992542305407,-0.149219744449228,-0.119622705040031,-0.157472692057971,-0.138836730538068,-0.16878304662459,-0.159634080705587,-0.181410179503747
-0.713783237602017,-0.428793016337662,-0.179472501161434,0.118836376846306,0.369786017400618,0.610730151143591,0.800777133314001,0.950512433902021,1.11940400611933,1.17152247204367,1.27491218462485,1.34704928057627,1.35126086775911,1.32192061096318,1.30910789832148,1.23169767437518,1.1833709241664,1.05839578837061,0.91526392535443,0.804063986677085,0.677073661942313,0.519198798416519,0.402676066973805,0.259511068049135,0.193404354588302,0.0990479743375847,0.0125166702602854,-0.0857290908964263,-0.101814446065329,-0.173416273458863,-0.226133699315011,-0.289024920711648,-0.340885830621645,-0.446689011268458,-0.471595748016489,-0.494645021317788,-0.542366122250214,-0.538750642215117,-0.580899397229472,-0.579662364293236,-0.590891299120958,-0.584730287521848,-0.613185096556314,-0.608962806666558,-0.684518322783936,-0.779284582450895,-0.901182733548018,-1.04893331984659,-1.21491887531325,-1.36466340935573,-1.60525692774896,-1.79873158620595,-1.99096330108904,-2.17720401270869,-2.34691768938019,-2.48756687310513,-2.61970050949386,-2.67447071828745,-2.7165553365372,-2.75009297124741,-2.72548611800946,-2.71770649065922,-2.59978243666691,-2.45461379809199,-2.28509277123777,-2.09807207334636,-1.87357043801104,-1.62237158350638,-1.31985129190494,-1.01747129329326
-1.55408532368526,-1.33894789389863,-1.10763389924066,-0.882906693659704,-0.640685896700115,-0.343499235934355,-0.153570035703064,0.0298064398444528,0.188924608338277,0.264413369236718,0.36771439560306,0.362375828666684,0.364009769007153,0.35051519709349,0.285978140397851,0.231045820571463,0.168675666867883,0.124430160087386,0.0691797382121148,0.00963433388111221,-0.018601446248663,-0.0502543375623653,-0.0608235825784538,-0.0478484947321941,-0.0663294294335113,-0.0253968972456475,0.00142137406150716,0.0653363469739728,0.0714556199846383,0.108273914580351,0.184738152429296,0.235083499625428,0.300271245153527,0.340620876550773,0.405163837364613,0.489530395664888,0.505321620010217,0.571345831384581,0.644152557683205,0.626200839647946,0.616070631352831,0.573035084753194,0.553824546517556,0.435561803288607,0.365996655863907,0.215696102229598,0.100311686456439,-0.0820607408642347,-0.236730311888297,-0.350009533638761,-0.474315103925364,-0.594209617481302,-0.691438887609024,-0.76730222739324,-0.839430291124352,-0.920329191574376,-1.00414831441541,-1.09132089048599,-1.20211506366198,-1.28834465501481,-1.36765105893861,-1.49640346075614,-1.64199420961231,-1.74451283394637,-1.82039764178577,-1.89406673354677,-1.9102671737022,-1.88280164275172,-1.81986874399361,-1.72010068944612
-0.572736793241355,-0.623621963942438,-0.687549841068792,-0.683818122727467,-0.737114017987034,-0.693030614183166,-0.663697180666335,-0.582706167719377,-0.495525942648777,-0.408253637686426,-0.293264538497134,-0.145057020175934,0.0428068336610994,0.162103263865134,0.308535436012987,0.430797749124738,0.577134561558754,0.711377154265319,0.802505222960951,0.866815285408341,0.904574123064567,0.930021493293577,0.926646130778472,0.91615979055993,0.896550619357756,0.792173272534775,0.754133567231234,0.693677816776075,0.653915201343445,0.661239046783718,0.648735743009038,0.679737373201681,0.750083580464622,0.823420196363695,0.886633079223956,0.929885443776716,0.971550952164274,1.02647415784854,1.03960047968688,1.04433472902074,1.0095839540536,0.94331383343267,0.907009828676367,0.834675119394436,0.7275813116056,0.68395177821061,0.584127790517277,0.476687905371598,0.39500268186233,0.333869900894956,0.209570046775826,0.108659145642548,0.0279921016004697,-0.0633107949775885,-0.140223114529084,-0.194380670893887,-0.246567898582231,-0.30766479972995,-0.376409642707771,-0.428510946555057,-0.418829126438087,-0.445599811734477,-0.438913771891619,-0.410641465982774,-0.423841038389924,-0.436929269085419,-0.464877498398409,-0.495889338072783,-0.484248702380781,-0.554655176471727
1.15576567864312,1.17474947552455,1.2225132962884,1.28154699704255,1.35349987498553,1.40640769367354,1.46686699146707,1.52075214231592,1.55570909118592,1.54702423966331,1.53968062150071,1.51722202386724,1.44705353781362,1.3845326171365,1.29258443789189,1.17560272916566,1.03701753676035,0.930697348661053,0.790897980512271,0.644781053837195,0.569914534785708,0.473457490266871,0.411522096684896,0.320731172203066,0.235917708412623,0.189745801778067,0.177191322593674,0.118267001849811,0.0753678231155409,0.0586476347894435,0.0591471218196226,0.0781650119517061,0.0562264969400663,0.0996177860302678,0.137874477014388,0.217499001654955,0.271733150320405,0.368719456587461,0.441262668778361,0.50116765816202,0.592531184222437,0.640090959260215,0.712334008363509,0.760773902837238,0.826141691528712,0.862297876754414,0.964330293345893,1.04239454722943,1.14183139508595,1.28573461333582,1.43210858305089,1.5724262834795,1.72927559554629,1.85341038432055,1.97812206455072,2.04310060025628,2.10955089447063,2.1160138370145,2.10483384482842,2.01305424343503,1.93540595853079,1.80632622719204,1.68500335386204,1.56977971560942,1.43347432420911,1.33263551139234,1.21489190104205,1.19103324437299,1.12580972508051,1.15191979614129
1.06670165799841,1.20322462995983,1.30630806300652,1.39013371576935,1.45541214190159,1.50187775089657,1.49250289753823,1.44219385751842,1.43319390614845,1.36664873330431,1.26706555804184,1.16265167266798,0.961524856116944,0.810972833674346,0.560856981914624,0.346755309096012,0.103518079584324,-0.146126306080204,-0.423450786327714,-0.706496842732678,-0.966053695998356,-1.18586217264911,-1.42177865742095,-1.6241627924368,-1.81854402011714,-1.93416600600036,-2.03532139041035,-2.132566866252,-2.16706163651333,-2.18361604162277,-2.14485906650815,-2.14115284753165,-2.13883786639453,-2.1297850478275,-2.1183928070608,-2.08681054728593,-2.12685878948074,-2.14655866255795,-2.17379235596595,-2.22085840779821,-2.29453023426738,-2.30397367517069,-2.35386814399464,-2.38954730417451,-2.42563389100671,-2.4311611924046,-2.48165627421759,-2.48277945468204,-2.52584990176795,-2.47896671263351,-2.4588485789168,-2.43821241263722,-2.41786821188991,-2.33166157631197,-2.21031788040538,-2.12011762821542,-1.9679837042103,-1.83696150145393,-1.62767247236224,-1.42449147624563,-1.21200316962064,-0.955911292728685,-0.746083680748747,-0.470262736971462,-0.215884426566538,0.0422475973995875,0.275312821809582,0.520561376419005,0.736284344582138,0.883964479003834
-1.20257259752731,-1.25431301328955,-1.34820561956924,-1.38404372337278,-1.36953184048889,-1.37262735650945,-1.28389062599467,-1.18785485777151,-1.10623590447471,-0.988511607290666,-0.805332995143389,-0.640759628293108,-0.459026424135733,-0.233157992505479,-0.0652871474496509,0.183660294403026,0.354003152892801,0.527966387302557,0.698713525507391,0.893744190886258,1.03014810211707,1.16360445986635,1.23880477609437,1.29717614135546,1.36778833089856,1.43860286283983,1.47086621254482,1.53411533712492,1.581817179926,1.60160782837662,1.6308862328262,1.67280708824716,1.73935821412591,1.81448746399864,1.88345147461153,1.90750359747702,1.95414111097384,2.01704598526541,2.06901572043833,2.0990735358273,2.08959042596987,2.11244289410887,2.05329924580569,2.0360645564589,1.99563948423435,1.93229938840694,1.85203951826541,1.79830689752192,1.72584825720726,1.69787797293288,1.67531178012113,1.6064383873155,1.55441072172649,1.49676926566562,1.42449859972154,1.34817440578207,1.20381598927586,1.08935418664621,0.912459541053057,0.73832649457958,0.553912535397315,0.353132902142455,0.155042971987694,-0.0584361087077771,-0.276066150752167,-0.447848749678937,-0.609196709161439,-0.7971353801783,-0.956435594648824,-1.09321076522198
7.81785829535088,7.4650823129822,7.12428048826946,6.6645324051624,6.03382905268195,5.22341998798126,4.35176010304748,3.5237128868098,2.97828537708771,2.0314027769929,1.40507944593605,0.585246272718968,-0.277892925088883,-1.064197918263,-1.71301437192157,-2.15592224254264,-2.38740017294392,-2.58476399506005,-2.89083862187437,-3.02778068913048,-2.88952494841389,-2.63476607326539,-2.54265147302963,-2.50068869932857,-2.34767396930371,-1.79550151634656,-1.47739526007107,-1.04458452907824,-0.784109108887403,-0.188854050971676,0.195808590723325,0.593504723449427,0.856529641979587,1.23786350326507,1.33737727970466,1.56388434030659,1.78499231174063,1.92367417824979,1.90660043876772,2.06131896642336,2.29300665461091,2.57559440083694,2.62259900113648,2.7601299109457,2.76924909888498,2.75166332800568,2.75700563498453,3.08099121790992,3.38319687509503,3.38598927702333,3.52114718584495,3.74072935916638,3.6999916036135,3.99576318990951,4.1871816015201,4.36926751780374,4.60635353541532,5.0094546029325,5.21520884574561,5.61635064941881,5.83341440925978,6.20213809026821,6.73078507836652,7.13006653415395,7.34706209833672,7.7147591414325,7.90632080222459,8.03383939650768,8.23554077750837,8.11281182382863
-0.804041780374091,-0.948408948350621,-1.04908096502858,-1.14074285734382,-1.22292370896506,-1.24557881956046,-1.28143903144439,-1.26528344581757,-1.19929323930493,-1.12116719300032,-1.00294974484844,-0.861591562102256,-0.750236339334067,-0.610835973967441,-0.426553144008557,-0.297424853117884,-0.190163703264904,-0.0198589766063447,0.113188645319066,0.198391158293817,0.343649236939807,0.430906098889531,0.556509467608742,0.631180106822271,0.674829853853295,0.726648914939593,0.770318145705534,0.825556418393561,0.810123363560398,0.801577888723157,0.814992394402552,0.79061044335795,0.730604124800669,0.664045412543362,0.650280470849977,0.654036492252,0.643774229035088,0.649200497398878,0.674161840831098,0.738198980930311,0.765721790310891,0.83182056046267,0.937709958591329,1.04898179697199,1.13665394949562,1.17461512506867,1.27325476828624,1.35840150514164,1.36509907220284,1.37282933023527,1.36691948533988,1.37303151749042,1.35946784299948,1.30062737907811,1.19665144116218,1.10148708534553,0.968583663026036,0.889087461403339,0.783784796501445,0.656680211871783,0.532806797020381,0.386876676429553,0.265146398653722,0.122134207305017,0.0300948556366969,-0.0903825198166044,-0.238900708335941,-0.382261727949539,-0.522118694136931,-0.656612293014609
-0.418257911106826,-0.194638136417711,0.0150608320507594,0.264117614941548,0.445046694721369,0.622564787200854,0.815935724536882,0.962113102508876,1.02371274405819,1.12552782965374,1.2151887101775,1.30921341173917,1.34130406903482,1.40107099234906,1.48698139189685,1.55087022235024,1.60341068245968,1.65584398086664,1.66323836006565,1.63551645241043,1.64354421442306,1.58196724631661,1.49232259359676,1.39132880918125,1.26962036034635,1.08986712632289,0.955571868198162,0.776814055775939,0.624045863462622,0.509604233863051,0.377248075672685,0.251325819508972,0.172321342896258,0.101624920022514,0.0420329311434199,0.0176693372286632,0.0185176751833418,-0.00797034214064014,-0.055580837034257,-0.0559125106695724,-0.0914777739353253,-0.158811421359837,-0.181635191715435,-0.273292887611219,-0.337706729567589,-0.437870723887375,-0.553348955531466,-0.667193198123028,-0.803824688536462,-0.898985603700871,-0.97046466949275,-1.10170955390408,-1.22101604226793,-1.29729137896411,-1.35613778244784,-1.39892943842755,-1.4534578763647,-1.50790073544188,-1.51004315927166,-1.51777202481512,-1.54007029213621,-1.50178423642831,-1.43955099696125,-1.41542380154393,-1.37738076829982,-1.29514731845735,-1.16465252962525,-1.01444646143567,-0.843822998622293,-0.662477445407708
-1.70013676167082,-1.63790154455539,-1.51029623805924,-1.37582652442054,-1.27652216431371,-1.14127564483965,-1.02980852537305,-0.897070611566361,-0.76344636889919,-0.717600365471845,-0.681040984901738,-0.604236163036808,-0.55391080799662,-0.546708192888355,-0.527390155967014,-0.534131827384315,-0.471606874708196,-0.426942006989978,-0.370262774321651,-0.363068408201206,-0.27886205671158,-0.206140326241392,-0.145388783190513,-0.0814038506582137,-0.0691346002892542,-0.0122498369262296,-0.0235117096080234,0.00161736343100439,-0.06045676853527,-0.0812449446517583,-0.153790335153447,-0.272328593028618,-0.361701943335918,-0.500952145987205,-0.595050133506153,-0.749785704826539,-0.826739040245514,-0.886797080706212,-0.980365741978061,-0.99319133617889,-0.977642673368003,-0.968723478887983,-0.938558827842175,-0.900812098067066,-0.796504486064603,-0.762078212807655,-0.673386839718365,-0.634667501306874,-0.555594566593191,-0.487451738015022,-0.478002277546201,-0.430284064747928,-0.382703561408533,-0.369784964674864,-0.405482106197507,-0.438339022022265,-0.455252735001031,-0.570021931605906,-0.706413638127817,-0.814967828664287,-0.961616893013378,-1.11980355272715,-1.28825794063205,-1.42934926888189,-1.5317307284591,-1.66149138990694,-1.71164512949885,-1.76622106500888,-1.78020714481272,-1.74435366280068
0.685409191409501,0.818265269965404,0.899873382354391,1.00156260397693,1.08186694635599,1.16430907660346,1.23039464898075,1.32826561374889,1.39780733829138,1.46283257796366,1.5938597919047,1.66339656941788,1.72391116179028,1.77889675551887,1.80103639444914,1.78129980987944,1.73319925279196,1.63735867242622,1.54745150014522,1.40146994349451,1.27364573740324,1.1203054182363,0.906993929814474,0.774140712950224,0.629811666859965,0.455183502418243,0.283899325697987,0.166898936363835,0.0434047000158663,-0.0595479409872001,-0.148840228879591,-0.216422840331171,-0.337436225715245,-0.378288860915465,-0.442914078609435,-0.431564472909126,-0.415870479575208,-0.400187979200821,-0.350807351050233,-0.313575979220001,-0.258572075150113,-0.211176223964436,-0.158070326121715,-0.153845962458988,-0.144166509167062,-0.152657323148708,-0.227912837173605,-0.298343298817187,-0.406800226773954,-0.485878372098607,-0.561371209207301,-0.636452596668262,-0.676918463457985,-0.741412420417483,-0.737736703090778,-0.731633400837039,-0.717561872258838,-0.669193191816132,-0.638322153895459,-0.533493182590021,-0.4521408687609,-0.41838843146912,-0.314683870722614,-0.241565336534474,-0.107150769758002,0.00349206981267421,0.165104607019643,0.285676799630208,0.430601795024711,0.577695156626067
0.461450059570565,0.405674516949501,0.37756359999052,0.260709238707261,0.134012211860811,0.0653354494225716,-0.0178099468184713,-0.0953099328185865,-0.187595829245733,-0.261138090634247,-0.314088823645497,-0.335231933860663,-0.331958816224757,-0.312916743397352,-0.288944042937078,-0.256638458974489,-0.224020028324073,-0.193753271686407,-0.168822333055336,-0.155485137834359,-0.129986834718446,-0.119206412723066,-0.13816875633996,-0.196707023034708,-0.264268973928395,-0.291121134466266,-0.307262337429702,-0.407525508428444,-0.481733798497958,-0.509463641064326,-0.543227956349206,-0.612315226050462,-0.646303384093303,-0.669916981851941,-0.673002631684351,-0.686896887070714,-0.693731793615012,-0.701119765946923,-0.711489837751026,-0.740537833531038,-0.734871361475777,-0.742439904214876,-0.755304933653929,-0.828178466580536,-0.857454528402245,-0.915735264281138,-0.941561177026404,-0.93039461195726,-0.953527694403652,-0.969273781154299,-0.925317338315762,-0.844781347667022,-0.794008130380041,-0.66780566283679,-0.498298460657948,-0.381984173458077,-0.210331613360674,-0.0109909574350051,0.146607072853259,0.300835068031431,0.46459194592396,0.549311444582731,0.629922762628247,0.694887603002167,0.693017875096954,0.71081031859155,0.693309719420292,0.679865911573715,0.626907561081178,0.545520362797114
0.833271267277746,0.755248741884565,0.674261136478993,0.608595234077963,0.536675574124396,0.447067833901014,0.38767588332951,0.264501307495661,0.147932502579592,0.0179366651965445,-0.102427503596432,-0.226712337806786,-0.33883300969732,-0.478642202233684,-0.614605989698029,-0.707135611345574,-0.77149695535199,-0.885350517764817,-0.968375213726178,-1.03773489861142,-1.04879657250822,-1.09476863375245,-1.09853643672006,-1.12927163490917,-1.09503382985439,-1.09300981289332,-1.04132939389973,-1.01894862861516,-0.966066467076188,-0.905488923645848,-0.8116307553709,-0.711889975235656,-0.588861090001017,-0.509045773218802,-0.362337899430921,-0.206376150136546,-0.0492873267430426,0.131123310363591,0.273499346392437,0.418452077451879,0.571592808066327,0.725267072683417,0.802662410396465,0.8725320301791,0.923356400889135,0.989308132171094,0.960301569615974,0.991725719000167,1.03206982257675,1.01614236233078,1.06770482061674,1.07720229365894,1.14411643911145,1.18924612478302,1.25186584942469,1.28018591228484,1.34366139696625,1.34493448144864,1.36428869541478,1.35534995801078,1.35413570468089,1.30705994730916,1.27879501884378,1.21473487382866,1.14226530226565,1.10984539821284,1.04075087804207,0.978097435637681,0.918436544117058,0.878878531763144
0.209054677545928,0.358067294484282,0.542310259782102,0.683032887015224,0.84847816590574,0.979564349576534,1.11916976212225,1.263554010639,1.28476692328918,1.31487123975598,1.27322848474724,1.25162446833188,1.16188451019695,1.0943247037849,0.960100420447426,0.876202748139854,0.736890206253072,0.619365714395929,0.498455113587159,0.436288346242711,0.357762803504236,0.333620048586585,0.269232222105199,0.264135192133541,0.304120069558296,0.384441189486033,0.465518253974399,0.530951726541736,0.669995550425656,0.758340968932752,0.909459004891728,1.05710316479115,1.17345814604491,1.27691317065321,1.41087899491265,1.45254662872219,1.48030547370829,1.49962592825114,1.49961029462974,1.46109490137832,1.37051764979196,1.24461264443857,1.08626844175785,0.961708354928014,0.781567957531703,0.618258029239626,0.489413707565047,0.358954856164015,0.237292933341308,0.123336956612174,0.0510079481035998,0.00113523353788112,0.0100976355326881,-0.0268111687161945,-0.0556015798031321,-0.0691754448921379,-0.0817829851772824,-0.115972997947961,-0.139608701106066,-0.188548318244888,-0.200600018033991,-0.226170026313855,-0.298968098458534,-0.285684971403423,-0.317165340420799,-0.27116120532462,-0.217287645977808,-0.18490391466673,-0.0644661744902747,0.0666165110929117
-0.230526688447364,-0.180335186529876,-0.15008731005451,-0.0975889843772953,-0.0541181650341806,-0.0434014065356779,-0.0414089368600707,-0.0786869266702893,-0.0990030176707825,-0.149005275130949,-0.189173336276155,-0.21657893008002,-0.269961428328625,-0.344158444927747,-0.322462480497341,-0.293467762279515,-0.275573560144527,-0.231307244961458,-0.110270831100823,-0.0208610941096366,0.107747755393542,0.280670822820543,0.380352539842941,0.509642291402851,0.621420069339207,0.774000269852571,0.869419895995683,0.901526511536327,0.974879490816079,1.01845134404099,1.04539416907249,1.09079006553222,1.1312134540072,1.17346869270837,1.18434891841911,1.1967604557553,1.21024137334946,1.19920213574807,1.18525316596652,1.14394039915793,1.05883687856014,0.910947648110571,0.769529503249306,0.663424204591034,0.52623429511721,0.366855189692218,0.249096992098157,0.113708040345079,-0.0224755210930339,-0.108865595278754,-0.21374099766326,-0.30088632465765,-0.350001615028145,-0.411587592595923,-0.446198583289492,-0.510206801955155,-0.518116976014764,-0.517867931842745,-0.486625118862888,-0.481369341122432,-0.463323984577992,-0.392296523737769,-0.396166331282196,-0.388891392019997,-0.383850015240073,-0.348641096923376,-0.323162249137262,-0.293545215179732,-0.291389080811339,-0.232552752536388
-2.44435672053141,-2.61943910105002,-2.77530141666387,-2.89778460757854,-2.96656273683637,-3.03370822787448,-3.02536770786529,-3.01533805665487,-3.01475819852315,-3.01559284666339,-2.93956318139068,-2.87016256129525,-2.74982883813897,-2.68420769601078,-2.58463010817112,-2.48978058746035,-2.34292180169544,-2.25941070978139,-2.12387222345568,-2.03559178304601,-1.94776868455208,-1.90258991116903,-1.81088307488739,-1.76236994609694,-1.72149671415421,-1.63172594322092,-1.54834354488498,-1.53603662886892,-1.43874068915886,-1.32618929513827,-1.22874542360273,-1.09653508024515,-0.933766866512791,-0.759962544193476,-0.590827052366942,-0.401156539704355,-0.21020847870424,-0.0016778704507322,0.142589971632002,0.317042999938854,0.476828818671424,0.617826672888654,0.745526746392917,0.866839039349531,0.943755544771904,1.02828429529976,1.10952584875424,1.17425408113821,1.2379603586945,1.29077693724825,1.30067077582215,1.29552444316119,1.30998454936661,1.25154433506711,1.21647197110327,1.10033200710666,0.986079274354317,0.835139767532983,0.63644260574304,0.447684856526053,0.211427660504117,-0.0366876209775242,-0.295918358290657,-0.5881567013875,-0.859297151997037,-1.16528274492083,-1.43892669921649,-1.71594502956723,-1.97688800743867,-2.22948288061943
0.525642072046142,0.511382052458162,0.552639614802389,0.609397069337329,0.636990050492856,0.694545215404805,0.747824626653585,0.756751917537912,0.843773574675976,0.877068241754544,0.907951712119024,0.976070968153476,1.00759240949926,1.03722121926021,1.08368395514869,1.08923045083854,1.11696644220393,1.1484379164776,1.16043078536336,1.18205344053444,1.19193597672576,1.22489027425385,1.26823801480141,1.25372069746897,1.25974095971646,1.23925468522509,1.21168208503449,1.19285948653536,1.08331931265019,0.948854574429266,0.838362181593592,0.675162805937118,0.48733065253862,0.330045012504161,0.200924112839419,0.0153019064910107,-0.0877884269623414,-0.168304733999841,-0.201971402280604,-0.263032083964672,-0.244847662524986,-0.257478543091953,-0.256706110298148,-0.199610986589242,-0.209974837811296,-0.230280325244704,-0.273866766352892,-0.309221041676318,-0.344986697960936,-0.371568639631686,-0.459253713918511,-0.47482404972015,-0.460669909122903,-0.402688569589319,-0.350305130806235,-0.274925937985785,-0.115784284240789,0.0376590966292882,0.184939601398897,0.301313695311762,0.400287493558641,0.498029945985621,0.553506814532099,0.585939609691698,0.624188103913146,0.594551642743716,0.547746443330782,0.549262453881355,0.508596225657606,0.534589121338508
-0.787448572888882,-0.773866644723853,-0.767994587238335,-0.797530556188816,-0.809556144178765,-0.868718047341977,-0.868508283599762,-0.887123877643345,-0.904818488729579,-0.881652330966561,-0.808679338720181,-0.706339376627723,-0.563029281294375,-0.415302658868088,-0.212701279308305,0.01789588838686,0.251847181650628,0.511850721422171,0.698161415473476,0.915217960013507,1.08098647110111,1.23953133376525,1.41863478738239,1.51338819776532,1.58858683773504,1.6447351930253,1.63649339811764,1.62675022511748,1.60013958662678,1.53841731185569,1.48247344938339,1.39776883905108,1.31275079541035,1.24827254166867,1.14479427884903,1.13647944881129,1.05916730999236,1.01144937521281,0.950450442384524,0.905662550010097,0.849975751006571,0.768667154128912,0.739115787897155,0.692040656903736,0.672033914264291,0.634229494684726,0.63528774523392,0.638166727648928,0.64436874551325,0.669247259257072,0.655333143309409,0.626510082595257,0.597086696470513,0.494985547657403,0.399132969281348,0.323952026185566,0.218596797551275,0.0517216109017028,-0.0515803357391771,-0.180244932725302,-0.305330038581137,-0.403585249076121,-0.472326617256385,-0.548185026623505,-0.659579746874385,-0.688865385097165,-0.740373919546616,-0.739172917550792,-0.774365769664921,-0.794434155403569
-0.947931339862418,-0.790534501025585,-0.615224683688115,-0.418374284148016,-0.13868440250712,0.128393791123334,0.447287830253159,0.719899419699314,1.00349793965265,1.267595946295,1.49501268592983,1.67685354490877,1.83842423429217,1.91058515221625,1.93001818542559,1.95157790175637,1.98242990933112,1.93961434540519,1.87643287455926,1.85438278959304,1.81666895548673,1.729181592656,1.73247313005816,1.69387237376346,1.64510432886295,1.63365060451627,1.59254171887167,1.56691036428597,1.5545267540244,1.4904895690913,1.45126762959912,1.4255569319605,1.41480124514011,1.32451966514644,1.31358217456215,1.31706605848648,1.34103950424109,1.3844820033091,1.38488377303629,1.47687822120958,1.51590943772826,1.57226942422475,1.61332975177737,1.61728905178694,1.5925314548642,1.54339253963475,1.41196305353608,1.2690813831996,1.11034079061342,0.884410929115198,0.649271003166826,0.404586187899446,0.128311078505887,-0.0889513594146127,-0.35022796609106,-0.580987515198562,-0.790791899376226,-0.980637561666439,-1.15679401370591,-1.23436218937042,-1.29837683051703,-1.35612212362519,-1.38723170902013,-1.38197660907187,-1.34284652926472,-1.31402219276109,-1.27518562313719,-1.21373210159222,-1.11603834150923,-1.05550245900143
3.0814148590861,3.03870985971259,3.00362339186147,2.92789036477999,2.87880688490607,2.82748082012591,2.71458049989434,2.58056512426502,2.45801716668931,2.3516384343316,2.20205327681786,2.09052820688066,1.98066813729144,1.84161984987832,1.72531302105604,1.59588550756314,1.5238081360656,1.42034352434235,1.3101110189674,1.18402462287842,1.05198786702808,0.897027769985732,0.710036746871686,0.590629222568676,0.439983107482013,0.281932706035755,0.12573398600814,-0.00134323197750734,-0.0360128676860794,-0.0796162002472895,-0.121266469670601,-0.13057059169561,-0.0759316910013546,-0.0285423392290024,0.00934215404010296,0.0888594373107738,0.146835672830804,0.228524585367324,0.327625605276945,0.419606556421048,0.543431518428105,0.621432186027979,0.745362569109236,0.846804673652412,0.958167756725646,1.08839500807672,1.18764633176569,1.31445227881917,1.42184533654114,1.56935583423817,1.69810121542062,1.79120943433994,1.9431100248035,2.08754179562572,2.24532929956847,2.41536074015941,2.54212661356813,2.67786236405497,2.80798466663659,2.9295066314122,3.00226178627907,3.07542070576357,3.10699975415803,3.14355670202552,3.13820213986549,3.15897493280678,3.15478536814094,3.16075315703079,3.11450555226292,3.07564696144736
-1.19493919124876,-1.04282431799193,-0.896433207878182,-0.786327635118709,-0.668061191253418,-0.540416148099348,-0.444244668308138,-0.324695854820995,-0.228999468332767,-0.223613427116095,-0.210640660963632,-0.196577150535848,-0.221632321718875,-0.201958480465975,-0.261914263303629,-0.281695170955387,-0.28223695371696,-0.313159337985318,-0.293566014618307,-0.282764394267355,-0.212958389610788,-0.124538145664653,0.00467054309698938,0.102599405080623,0.257509417226008,0.434010851231183,0.60738159634861,0.785819313771742,0.977617656341267,1.10936112349633,1.24421483233165,1.32310720955371,1.42915277655685,1.43822861085699,1.45013844600588,1.35285726824291,1.23079405334888,1.09920534448062,0.954697737518552,0.769866319594194,0.549304939964807,0.299458221104385,0.0723566121169672,-0.155583592314863,-0.370714668778699,-0.573247079400747,-0.84429687833461,-1.09470129039965,-1.31835742616364,-1.51894570282636,-1.71423181583217,-1.90909119469187,-2.04560229541805,-2.16862608055611,-2.30472956697476,-2.394224908817,-2.43142396994137,-2.46034205816473,-2.42930245514152,-2.41366076266145,-2.32971692943123,-2.28852210816952,-2.19691027061777,-2.05056728627532,-1.96278252348105,-1.84454893290263,-1.73526664814493,-1.5677299231824,-1.45651915393503,-1.31074054304107
0.0599721863809076,0.0348198090968753,-0.0643441063169701,-0.160040503561506,-0.250706896388974,-0.39425658360885,-0.514545382054568,-0.640903633500883,-0.821741510622683,-0.955573363799657,-1.14604761441477,-1.2655053469917,-1.37597708715455,-1.44461681424969,-1.51278716662696,-1.51553279030652,-1.54029224581014,-1.49297606729913,-1.42463665909808,-1.37337124718588,-1.30514863236948,-1.26459457786878,-1.19837085632935,-1.18094603649778,-1.18749681818062,-1.23990267833595,-1.2978937788801,-1.40872569543648,-1.52559095614674,-1.63002947494573,-1.72738444952222,-1.82529931758271,-1.90513616698793,-1.9555358595529,-2.00984812334674,-2.01624669685485,-2.02450114954467,-2.05332299453662,-2.03374656051973,-2.02604779706734,-1.98618324030589,-1.97943926458457,-1.94613669618367,-1.88313589009648,-1.82009311121787,-1.73004168677636,-1.60569291873759,-1.48854782840929,-1.40875202690622,-1.26957591908542,-1.1271693379741,-0.979615914384327,-0.866977848946544,-0.723824243314692,-0.582923531876863,-0.496311829950013,-0.354763054908561,-0.281862285246831,-0.200789224514675,-0.11615890459138,-0.0671732657361881,0.00248810749232636,0.0517912846619063,0.0593850436660713,0.115081593177738,0.132115601535574,0.127310865310823,0.141797422496846,0.132826153043223,0.123473217812983
1.06047799804385,0.920187512050334,0.746968884201147,0.619972691181962,0.457201947731387,0.28777880001627,0.184733608493629,0.0949822792887054,-0.00757366172433111,-0.0731192740074611,-0.14014285517568,-0.176071645353611,-0.154925930835727,-0.143962432289935,-0.100610125590532,-0.0701485682997385,0.00532541678175247,0.0811995709717617,0.183596261645937,0.270529028010372,0.397710406547444,0.490228036910548,0.604783205825675,0.663394283163688,0.702771503092125,0.764992227924328,0.738238310013059,0.714260453818439,0.714070602237293,0.6318279347139,0.568816248259535,0.478590570572179,0.452111715824741,0.358561381872289,0.282627940342863,0.225530367436945,0.194799071056989,0.144944901828945,0.0976526822508214,0.0764370723880894,0.0832307370728821,0.139181726102324,0.155988467965707,0.200228410795009,0.297584863745593,0.375271473699661,0.473865930061376,0.635654950679875,0.769266012863102,0.933973206199491,1.03900615380751,1.1579895712604,1.31713166104906,1.44027398731546,1.5856538968887,1.67325491425384,1.74518573374017,1.78922032104054,1.85265043786245,1.91002390625792,1.9648134100242,1.93946679387316,1.89419507418611,1.87170020164787,1.7965660571529,1.73065237552545,1.63754616580572,1.50810892196632,1.39237392894976,1.2324457708059
1.04368879169738,1.0093203607595,1.00858372478892,1.01050289092962,0.950298943877046,0.976444228697281,0.924704136451386,0.918579443546167,0.868936746157552,0.84381353970204,0.77039855646932,0.745623072421487,0.708362314806291,0.654228913116933,0.557187595080274,0.467069575255667,0.385775949286815,0.361270077903766,0.266524545258966,0.216292017055152,0.1310712438362,0.0551762524554885,-0.00999019005878696,-0.0671096526212554,-0.15005414254666,-0.147681842778311,-0.181662113984028,-0.199323174062449,-0.201345672955433,-0.2232493063322,-0.186230310106148,-0.130538152261422,-0.0520139845867569,0.0252401221863545,0.07444416483066,0.1813446609549,0.286293772432448,0.389682930640885,0.524147182021631,0.627869133607122,0.755935982905057,0.845785711722618,0.945308908893091,1.08316055627893,1.12903888829025,1.16778385476298,1.23901357067819,1.23002280367363,1.20263296833129,1.19366249312022,1.19450355769442,1.1260610660815,1.11559701671997,1.06045160734555,1.03548145613146,1.00789623705614,1.02835631594842,1.02996408632738,1.01085816928539,0.971960376055413,0.963869082286947,1.00073372076641,0.992246044876593,1.00813358736385,0.996456950274172,1.00341948689358,0.992544346699716,1.03708708577172,1.03529415707093,1.00122512973242
-1.34420026108449,-1.47831402487858,-1.583101991937,-1.65607351480153,-1.76350952053431,-1.84261371042382,-1.96025538244386,-2.07236114528571,-2.11863999342451,-2.19787193229438,-2.24695350072708,-2.29295452852438,-2.26881905084264,-2.19121762336215,-2.0652477253161,-1.92370208203068,-1.70796364923392,-1.45620921681414,-1.14919010158479,-0.877862901610766,-0.564924401146072,-0.305551446594572,0.00894005155227531,0.293276962281541,0.506607696417003,0.699703769168967,0.879572683130066,0.983916332643536,1.06720783001286,1.10489846390035,1.12026311837686,1.12866676114005,1.05365876007918,0.923246846340658,0.825322131638942,0.686005646088391,0.51156981264091,0.334154786284095,0.187705628877066,0.037111765577536,-0.158037879299747,-0.289680623767831,-0.374527959201599,-0.452873410318713,-0.502130071457551,-0.552098052751825,-0.587125765267545,-0.545990362117379,-0.521914205618403,-0.514059998014675,-0.47512066185979,-0.442336905244894,-0.416016604195255,-0.428625632658418,-0.383180410806195,-0.359859909632147,-0.376033586964116,-0.418411303264037,-0.399972691588892,-0.410242154560152,-0.454616835184676,-0.510330421692337,-0.552306010129167,-0.61842893015434,-0.721712483187541,-0.814586745950288,-0.931127181235382,-1.00531113277159,-1.10991184681317,-1.24338591321611
-0.884764539172073,-1.10103735856615,-1.24093803668425,-1.39122629346137,-1.45579682211348,-1.49123001348698,-1.54415670257315,-1.56168074101644,-1.55939604811624,-1.51101551068406,-1.4680455932696,-1.41935671855306,-1.39078579662038,-1.34189701989214,-1.2810524285682,-1.23649335173217,-1.15316784774499,-1.08343494181888,-0.991090443825633,-0.87202317914972,-0.794802991198481,-0.708451574061135,-0.637179453431593,-0.551498520959737,-0.452276498014026,-0.415956688062304,-0.338852486494485,-0.298736030541537,-0.29253600479465,-0.279548071283303,-0.306943838872167,-0.289500120029435,-0.369392574164656,-0.417466412127881,-0.528552256131739,-0.636088805422723,-0.77627729373903,-0.901419427161564,-1.02712566487267,-1.135932341383,-1.26495634923643,-1.33817454166072,-1.39266015756791,-1.37367571424832,-1.38693170292864,-1.29679766404271,-1.17359244626033,-1.02398762482129,-0.875791129842055,-0.699727062189979,-0.473511743109918,-0.244897588804833,-0.0273923749519296,0.167257111744572,0.366116083660836,0.571717497079074,0.708843355475064,0.813202903304439,0.869160433674463,0.902584934558652,0.916629524464104,0.821512139614343,0.740689933623685,0.56440140819474,0.407639945010494,0.20794027332969,-0.0107250491173042,-0.236571992425901,-0.461807129357274,-0.671821320709475
-1.91914365077019,-2.08721549228108,-2.19904868151283,-2.27746773952437,-2.34907084405826,-2.43801289781551,-2.49058906319707,-2.55792584429799,-2.60394596085173,-2.65261607274876,-2.68271417519016,-2.73683797967423,-2.78444957316366,-2.79377498929634,-2.83882166325468,-2.80064801178689,-2.77682715551268,-2.71171300345446,-2.62610936875572,-2.561254605757,-2.47674401471797,-2.35801442127861,-2.26605555222789,-2.17763040261059,-2.08292261491975,-1.94464745636088,-1.8105462642954,-1.69351525844935,-1.59669624571985,-1.4179966608846,-1.2845981974534,-1.10084074240556,-0.900919591978967,-0.684136158156425,-0.531197881780185,-0.333700425359812,-0.107533014685787,0.0865518221667287,0.294804809724133,0.501030349335714,0.706081240093571,0.892342395787019,1.09546422630053,1.27171979341882,1.46736972616325,1.62606464737468,1.79614485947041,1.92510474046071,2.01317095209317,2.11350168066022,2.14249899387686,2.10498785145879,2.09411297977028,2.02483534762871,1.89323129413857,1.74387251806622,1.60438801347655,1.37756986636189,1.17660667308663,0.948853703541409,0.720477095997589,0.436559804930463,0.165723047108411,-0.122900889339431,-0.413793782997829,-0.704887086912639,-0.996697210298901,-1.25773028030065,-1.50554028726993,-1.73232420037915
0.187734981068226,0.236993915296658,0.274647792982909,0.298596222115272,0.343436424891193,0.37922585134112,0.327023503497559,0.33260027918631,0.320178780686398,0.299534171580682,0.243722361024646,0.257596808867303,0.273893619436022,0.290407569052435,0.300309967959754,0.328893782889712,0.349206133017718,0.362075687314312,0.360827069657284,0.395097917406138,0.424296280462295,0.415955759672902,0.397039207357196,0.410480265622371,0.352667696995329,0.317536693644128,0.276080646279672,0.18422431911966,0.109891681284359,0.0434177455508777,-0.0528602233420002,-0.17181259002077,-0.268109684175382,-0.335365347893924,-0.427823212931928,-0.499303792931844,-0.529195345679153,-0.54764524370059,-0.62332760869427,-0.623741378348747,-0.691892980110146,-0.731603353311132,-0.773787712245642,-0.872141036561734,-0.9382627891341,-1.00473525439453,-1.06362667106236,-1.09920040244259,-1.19222150419858,-1.24685914126168,-1.26726870101697,-1.29886951462083,-1.31115690580465,-1.26649626076289,-1.29349554042073,-1.22801822581878,-1.17105156864919,-1.10778004277762,-1.0269244690639,-0.920852816643318,-0.826837091308811,-0.739968891808655,-0.620632045715269,-0.481068830792273,-0.389262990995665,-0.283444612938889,-0.189148080907379,-0.11954908131154,-0.0200375134890079,0.104274954922829
0.181107794410253,0.0159836672959368,-0.176076654722657,-0.362607810505661,-0.599932079565566,-0.798891515585447,-0.997766705324895,-1.16918476618207,-1.31661497386696,-1.39864557101798,-1.41230629139728,-1.42801515198766,-1.39673597580914,-1.28668333233673,-1.1780555103232,-1.01299907875584,-0.893070420253215,-0.758939514963935,-0.568935705027254,-0.455784265499155,-0.326789867436342,-0.186321637208074,-0.079416397434508,-0.0056607243142684,0.031226786926391,0.0886590531876643,0.1684489781317,0.222714348960739,0.210028145621596,0.255557370563187,0.319789747511518,0.315192542606518,0.381875968817036,0.382570666576315,0.434641381566525,0.421630920427167,0.432872500569199,0.414139023144884,0.403583720933878,0.330124035505009,0.2729463165548,0.145639109499444,0.0349749236862182,-0.089212079326063,-0.201200698492295,-0.320765205584879,-0.489379270471142,-0.593376061162429,-0.676946767053517,-0.733655505236291,-0.779839531052744,-0.838725157827498,-0.829096995684845,-0.803671463723447,-0.804018780486263,-0.732837144165406,-0.696321300500028,-0.613165829280664,-0.537248948783301,-0.449104767818097,-0.354511558085695,-0.24161024081431,-0.107169886566271,0.0225114100494041,0.147710171549804,0.21588402989431,0.271801607694383,0.327384229793642,0.308171070791758,0.280554791574498
0.292238650424371,0.307213910351737,0.297738020534539,0.282943267469348,0.218728654344599,0.128264733568719,0.0612622017708836,-0.055462777761193,-0.0996181327330542,-0.203844416921853,-0.23909037955327,-0.272644049649251,-0.282935322102876,-0.302928942139414,-0.339133023539481,-0.345050660549646,-0.320589977017242,-0.308196510033313,-0.353676194968335,-0.329671521738255,-0.400461345212751,-0.447433053457063,-0.481758954706323,-0.512733067852849,-0.62721223745001,-0.674219593178543,-0.786724422653788,-0.868865041023318,-0.965369658081149,-1.0304235459728,-1.15549370202321,-1.27653052153472,-1.36918753630237,-1.50343473155031,-1.58520828714209,-1.6945783049892,-1.7634316721787,-1.82314558638511,-1.87622571750052,-1.87705704461839,-1.90133766567053,-1.85331819041824,-1.76347223520079,-1.73896134911028,-1.67722853040678,-1.65696185353428,-1.58903158147924,-1.59959395791409,-1.59386936523225,-1.63229244235082,-1.64000655336441,-1.6748205758399,-1.70795379059744,-1.73842927247782,-1.77492399385053,-1.74109774434433,-1.67964711158837,-1.63099124913366,-1.54035194263696,-1.4218976680964,-1.27586283055976,-1.12503241433363,-0.942698683106875,-0.748593933980469,-0.570038021261389,-0.356662190192569,-0.202859446347511,-0.0394919834384066,0.12047230811808,0.20295928884529
3.08790213797948,3.35879670358345,3.33836441868717,3.30799995835536,3.35735025458952,3.38101005874519,3.13731147300583,3.02320810158101,2.86647705770431,2.87106556869327,2.47030933443422,2.36940761643866,2.13482789417918,2.10078127177029,1.93869744910464,1.54057516999259,1.07135570897915,0.793193122979702,0.707456076979252,0.267301800765533,0.158289200742906,-0.187173225787693,-0.673944545444341,-1.21720610744822,-1.60789881446368,-2.1678101190378,-2.46871291931042,-2.74356111493336,-3.06064053116047,-3.53712367733147,-4.11879959253703,-4.3822676977858,-4.92748264371227,-5.13502526444386,-5.21750995290583,-5.6675952360087,-5.89452745410867,-5.94068529073333,-5.93451503706695,-6.11102667033709,-6.01607433207135,-5.91205612586447,-5.58819146713177,-5.31273155439413,-5.13716777450275,-4.97295378681758,-4.56539050946694,-4.32217933721005,-4.16576618203499,-3.6272670652325,-3.43772603461563,-3.19439669883873,-2.73519252403851,-2.70332974395606,-2.23378588907198,-2.01169946116653,-1.70482421031579,-1.35759754502134,-0.858522225915665,-0.556332970483292,-0.128484464205635,0.326364280862433,0.786842660648444,1.34864851026269,1.68300607585713,2.08191911408842,2.23330402931521,2.77315761169064,3.05030120422315,3.23398401162818
1.44487945516373,1.4456178923868,1.67406625116961,1.56766499641273,1.47708321132616,1.57302598952084,1.28498997783833,1.29683296424447,1.20274277244219,1.10080577142439,0.828688700953836,0.681675192165893,0.312451257052709,0.061721492689144,-0.231389320945495,-0.377244376850934,-0.46340234009474,-0.575811166709516,-0.91743750396328,-1.21761604608966,-1.32581253548424,-1.67975428834075,-1.65018378361479,-1.70233456384956,-1.95627858753142,-1.78138481544056,-1.76524295749923,-1.46176029548193,-1.58710184313891,-1.23527634526892,-1.2179989689377,-0.695371483995074,-0.453394093539498,-0.0188663507598912,0.459360794197195,0.948662481234934,1.44117501919334,1.58866304960016,1.84500722090299,2.37103894058867,2.83712090262611,3.2640339123904,3.24729734098878,3.22365871570748,3.15921156476595,3.43430363793075,3.41374537216006,3.46053094653474,3.18673497579686,3.12818494873782,2.93131810927208,3.01261476231745,2.72979811441582,2.38751403271202,2.28165809770514,2.25434116046213,1.93948131776494,1.84558403249913,1.84744398178933,1.5184483610182,1.55147708579342,1.4585693088894,1.09943907836677,1.05227896503241,1.11383460027146,1.28137282073319,1.46921858929745,1.40658276132977,1.21318076073797,1.56067037438354
0.0394601870717317,-0.127423781322336,-0.582603035571486,-0.99855640621261,-0.988629992217896,-1.26797552661841,-1.26393293448265,-1.58039720707092,-1.45135196475924,-1.71101650060517,-1.56309911815878,-1.26165495902445,-1.16231008785938,-0.99777079067807,-0.949419419832153,-0.643315274487214,-0.525689883211015,-0.172182477894967,0.0280807972244839,0.0740567575583426,0.202519397767292,0.0626176967167055,-0.0859538832672959,-0.297677083424628,-0.440527708479137,-0.489849735528631,-0.951412151267072,-1.46441634263317,-1.92797707487678,-1.99976926619725,-2.1316611897342,-2.46927587449581,-2.86330694600545,-3.07415415794684,-2.91224272216832,-2.83674473523082,-2.75786123561875,-2.62397537048624,-2.14732779031444,-1.56370873553761,-1.00683195354146,-0.342752114545717,0.116782247454742,0.976557736167779,1.61584204936126,2.12340489866256,2.82791141961376,3.52994772709616,4.03490754976083,4.42446545529405,4.9015873898693,5.04789092784606,5.32630569935814,5.44798462017741,5.35836129656553,5.37923209263998,5.00499826933617,4.83683030704888,4.61988966244883,4.18637195743417,3.74665340904511,3.54795577682155,3.1868918232353,2.83733331767251,2.2362859470451,1.73098033540536,1.49322346970954,1.25582716494401,0.903183219406363,0.364804874825019
-0.83782719436118,-0.657094735306323,-0.428329932383727,-0.228857008686232,-0.0436684649087126,0.20238410222891,0.383055375367686,0.556791556047228,0.705202328125226,0.831205955120806,0.924097477733881,1.02440147579008,1.04101678896881,1.08903206909867,1.14749956491503,1.1836800595928,1.21129610346927,1.30457708406823,1.42749278103054,1.54173058836582,1.68822619297851,1.85589446033501,1.99376083421435,2.14785284117975,2.32209902773421,2.44630841885714,2.58546227268381,2.6762500381142,2.769688312932,2.80626959067979,2.85800354689492,2.91349392700748,2.89183207058147,2.88218526551063,2.85250933097873,2.75970026696282,2.67710777899368,2.51579570215051,2.38972372473682,2.19877922084312,2.00400280662158,1.78602234732565,1.55550515535811,1.3780770202791,1.19750685511404,0.986430611454815,0.789293015236221,0.646776747646566,0.482581904230842,0.372777900783112,0.230233185440015,0.0788515454600053,-0.0825540904326305,-0.17983858659986,-0.346790285896268,-0.490374455906672,-0.658733497321171,-0.820053519947004,-0.956188728741618,-1.10642908571419,-1.20026093462697,-1.33125772232554,-1.38377454985056,-1.39771901554127,-1.43773391887846,-1.43871630169456,-1.36855791667365,-1.26474778091302,-1.12928224633001,-0.989036060073047
0.961233441260291,0.94498734948942,0.942503568828738,0.940728837400014,0.97586538798161,1.01342374247007,1.08571366493859,1.14288401522638,1.19897323561951,1.25675802481642,1.32084940887173,1.30523842625073,1.34916865029051,1.39714824324448,1.39074564996057,1.39196589391138,1.44779476580214,1.4343488377558,1.45709098623355,1.42406166495895,1.44254188771103,1.37285727118297,1.29677277459323,1.20775898803756,1.1659269652726,1.06298451599869,0.933695165057037,0.825699456022427,0.736812684266071,0.651787523823373,0.546747638046504,0.436186224458314,0.399335591631746,0.315081852837704,0.226549291966671,0.174145267841441,0.134194351363118,0.113604509854923,0.132696816252422,0.180894980607605,0.235098147456759,0.365989765485424,0.466069339836321,0.622611003828758,0.796351939606772,1.00584642866317,1.22523759469281,1.43422302810161,1.59338626526374,1.79119526493865,1.96913642393981,2.13925999149396,2.23658983422473,2.33116509684156,2.36791131986718,2.39032926384348,2.39883638029549,2.3268448803537,2.25894502988569,2.17503344036645,2.05197884719656,1.94927107630845,1.81829562671203,1.68188177093483,1.60331290157593,1.46673271678549,1.32666853740882,1.26032545657894,1.11846349384387,1.04355009200058
5.04988802159034,4.84595852465115,4.89390030941401,5.11558011256462,5.04805651559848,5.1693769505752,5.11847905682832,4.88854894728343,4.75628375310754,4.57652472459089,4.52486786738476,4.57392566137889,4.47397279596222,4.17928113478142,4.08935077146814,3.6975234026725,3.48092256237102,3.16719517777632,3.09840865062477,2.98545508704022,2.70935829424583,2.33621292064282,1.95797319037719,1.59991881136867,1.27000229849649,1.1981241786789,0.718331875701397,0.273031087124538,-0.0687662330602823,-0.282394390938735,-0.769148377051908,-1.13530399233618,-1.17493373637909,-1.28239664141377,-1.50108132254535,-1.77975603555568,-1.88687547477212,-2.00765112182912,-1.83942668897733,-1.85385340954938,-1.63986738267267,-1.53724488211503,-1.43312348735544,-1.05760272428899,-0.952344664114158,-0.667440952817643,-0.297883743777342,-0.0482181651857337,0.407953718841995,0.990235642650396,1.14276069155918,1.37314366067331,1.77377999125925,2.30719949963299,2.7150011178276,2.79134470093579,3.01465242097802,3.37438397623322,3.70098486730667,3.88670612783565,3.82911073923151,4.05005877391899,4.16735567302952,4.36399970504018,4.36415002216661,4.59381311738848,4.53870448059025,4.78617059575654,4.58714063532282,4.79113313787766
1.73892080055275,1.45666590023905,1.55508778046539,1.36396728837006,1.09128538750984,0.958730338314592,1.04056143919086,0.69581254088504,0.398132281010884,0.325816132834518,0.134095919936758,-0.0468075546850439,-0.0584020919363943,-0.408022601659364,-0.65639719623492,-0.953584440029195,-1.29010182855004,-1.41294403601165,-1.71576946536457,-1.65326035414104,-2.04569367359392,-1.96348063941123,-2.01544006909789,-1.87610056703355,-2.10578727712571,-2.09955998813738,-1.94778502854075,-1.91290281401745,-1.75757694156514,-1.79299712122896,-1.5455691104269,-1.14005875649957,-1.19015440739512,-0.825560240825088,-0.506331246680527,-0.432830533365736,-0.178004702200741,-0.00971975934994609,0.333930533397524,0.468395081299134,0.713300160763254,1.13437703325466,1.36194083525734,1.7010496316127,2.13621648106663,2.60857598246687,3.13378903193635,3.647972030971,3.87913506394059,4.24447703337831,4.6043604541292,4.82125796867774,4.94237034974386,5.09139058882373,5.42058512339585,5.18824447934744,4.95232127201173,4.68083996183525,4.46396142809062,4.11934805882055,3.85862086729135,3.51360601724483,3.29735997206534,2.91438097091902,2.62297650638214,2.55773890364591,2.12864577785263,1.88141745331141,1.64922213197875,1.59652687817373
4.67344009755682,4.43881303419501,4.35119170420338,4.11948906239899,3.80234130643679,3.54294977057544,3.08617973018329,2.62749015259436,2.30129020554011,1.99892367763266,1.39524586357314,0.835980223634528,0.500395680402025,0.237474514364322,-0.277914953938025,-0.600210767180993,-1.07251849580583,-1.29160378551371,-1.2319172631929,-1.57562788737044,-1.71304686412548,-1.89561967293828,-2.1804035094038,-2.27403872976969,-2.45873775598646,-2.33903939819738,-2.31958951227607,-2.36057079061012,-2.22841586105995,-2.35633912757907,-2.07968167835125,-1.98860800196995,-1.74346262179067,-1.67521384728272,-1.19936709510706,-0.876850406014561,-0.571392626517651,-0.422221715811738,-0.0134088824821004,0.245940668409137,0.663387750412957,1.10004075784047,1.13768514372412,1.31898555588949,1.68928845752024,1.84772276802428,2.18875076162019,2.41325719030416,2.78311409827333,3.00525456419904,3.40599126111056,3.48359393813721,3.8828193446435,3.89402550511792,3.92734344550955,4.09247058478053,4.08122812811406,4.40042164329209,4.54985405881845,4.63620495913896,4.57429003682784,4.50686841923792,4.49917625909654,4.49552375791248,4.66011689549124,4.42765023603165,4.41566462755411,4.65364457118364,4.61376497910499,4.76468886656348
6.1381003093899,6.26903371625308,6.15782062052757,6.00672961120678,5.93812297862453,5.69965309229364,5.51292929327961,5.12177359085777,4.78772428868522,4.68325474528617,4.498151002902,4.06414826722224,3.66434647148957,3.1628246417065,2.76150030657409,2.43704868624128,1.95073524014612,1.62289761333939,1.3813805460591,0.895585071251453,0.649162839819489,0.294723079920611,-0.0538564558131014,-0.364860130930513,-0.728602044174433,-0.654495357946759,-0.974861468465308,-1.03038572130108,-1.24384219063343,-1.35169514145726,-1.18623181232011,-1.06578518657307,-1.07124555742342,-1.05800149839636,-0.592483441686558,-0.433879169589386,0.140746285746241,0.714325936217613,0.949387060435064,1.43006447352564,1.74599222687692,2.08486417052585,2.72536868935114,3.10149682463744,3.80570855683517,4.40386706675582,4.60049070312119,4.94949825412008,5.13407315768764,5.51177948654702,5.62971071242165,6.04836305221503,6.10225649948694,6.24509783141876,6.4962767470937,6.58640927783979,6.67034673542454,6.91577149174411,6.85305033636256,6.74282336323647,6.85611664876702,6.71451801488616,6.6547661017507,6.54059686956292,6.70600375062984,6.52936004794765,6.37606259071735,6.45842679185653,6.48335805287305,6.4521180227675
-2.98680785658636,-2.93153911647805,-3.09052484692464,-3.06136738210455,-2.99437361961037,-2.99403702933599,-3.00667288938341,-2.7818862842329,-2.49031207021498,-2.40543075762176,-1.9556000989571,-1.80624132184047,-1.55214787521425,-1.02139658183455,-0.679245684404034,-0.51210116396894,-0.00996449740662655,0.319570772015708,0.58643635951125,1.07384866548277,1.48635686112319,1.82936088753409,1.88820981156345,2.09974135441557,2.35611173451799,2.62330447978467,2.85029769161257,3.06404583427292,3.32188040324626,3.37343084160536,3.62014879773757,3.4001540098778,3.36465533696665,3.11175928197044,3.14948172001318,3.16299481998746,2.97822020248109,2.70815553737723,2.21923886160475,1.96468408981289,1.49320985286106,0.895030295968981,0.594772507822752,0.250184741713171,-0.316146869781067,-0.968937898607945,-1.43365910490791,-2.10613395498334,-2.39969953169636,-2.84140391121135,-2.98992117207915,-3.53419151471006,-3.69396466778402,-3.73830864539747,-3.74089820376957,-3.80447358092992,-3.7443639400648,-3.57621807602044,-3.64324556214648,-3.177602367151,-3.08395393271021,-2.77338269312313,-2.73330090872414,-2.6839794221697,-2.49645592385513,-2.47112212981313,-2.38148646279806,-2.55399660566312,-2.61052383330449,-2.78580038817113
2.41909821544668,2.25176177815713,1.76622123102184,1.43361893310667,1.11734163764804,0.973939842864611,0.802044897618335,0.467974840439004,0.416877008617983,0.387494047769379,0.116983856399494,0.176379259145269,0.310297011589051,0.459377971860578,0.517293174453796,0.407528637428066,0.475370005783149,0.327381278866865,0.236681198669505,0.379582766307709,0.247402366705462,-0.0824121623821887,-0.0569962104388194,-0.462295481807697,-0.587585693840917,-0.945456411805145,-1.36168233906414,-1.60703380348105,-1.91164073891563,-2.08198436500888,-2.54105081121725,-2.77548078835512,-3.04991344988465,-3.38913075380942,-3.42339463321551,-3.72650935634314,-3.92897958763507,-4.24972579427675,-4.14863996403237,-3.98510336180967,-3.70664066456279,-3.36435843235504,-3.14957357271572,-2.91795103839378,-2.37812869542915,-1.75087093892611,-0.98678594576757,-0.537017472101785,0.0524889569061965,0.840019110812678,1.29660400211292,1.85042807626404,2.50253560326567,2.98089362695067,3.19659395196978,3.49286764932972,3.97664710719212,3.97362149826607,3.94764150621509,3.94366860189449,4.06956330763889,4.16931776244829,4.18113967370182,4.0024843819634,3.74552001063782,3.66116558075698,3.54298577793645,3.29051430807051,2.98349081945798,2.85883657287399
3.29843753209089,3.04686021115827,2.85664347970501,2.86708180396171,3.01506841202563,3.00375409783892,2.97396434568743,2.85286457026421,2.65155368449397,2.66137318069825,2.73384721550146,2.96689634400029,3.10369583665827,2.96244928968061,2.88691771583794,3.18583526093022,3.38502984805638,3.29223823731601,3.48280033273498,3.7325867156966,3.77771239793274,3.59212871922694,3.74309214293394,3.54101872704869,3.38277406967889,3.09341029550483,3.13327833773814,3.08286558503542,2.66867366815864,2.51345971484253,2.23278761248312,1.92815502684512,1.53190642444212,1.16130780143483,0.728724762129508,0.377788222278049,0.18314251396441,0.117913115958597,-0.3362470583613,-0.699629694009063,-0.852945467770233,-1.25855797477333,-1.40867526032479,-1.57504015309436,-1.91894102090305,-1.86503579303508,-2.14208546377603,-2.25371347862325,-2.21448625044587,-2.01933706891668,-2.09235603020486,-1.82562258885868,-1.69612524011633,-1.30392908439206,-0.802961558273032,-0.486795662104651,-0.19005014632026,0.265218643816613,0.545782027668648,1.11446743617395,1.63745881061407,2.0544735077653,2.4138832598298,2.55930655033696,2.76418179797293,2.87060689105528,3.04562725089501,3.09131062684602,3.29266519738263,3.38372278420521
3.0182655247014,2.71423246154598,2.66671848232419,2.24158983094007,1.85198170599211,1.77605127755752,1.70145038160379,1.22011776986124,0.738791562948155,0.438662901815318,0.0588355150080698,-0.252939005853007,-0.445298777049504,-0.612956466245208,-0.553560254834087,-0.751961093017222,-0.755099409549248,-0.570904760696434,-0.69704225729014,-0.757781116894739,-0.653459910870035,-0.608721043069182,-0.547205384870621,-0.415022367216973,-0.346475684071609,-0.0784270075102331,0.255370881678141,0.388020696760718,0.763997525406249,1.16989878188588,1.28738409352797,1.50867767334595,2.06981817066459,2.52975221922131,2.78703430760077,2.98742207118871,3.41521273772802,3.56784182168345,3.98166430411668,4.21534425069904,4.19721535593317,4.00180595039634,3.89169257754974,3.88499123554697,3.59006551661332,3.29776369357823,3.31870238059309,3.20275278617629,2.81790484032514,2.49356165597481,2.41463012421421,2.5144281213455,2.3408099063341,2.04468480165356,2.21004178634052,2.20917217671913,2.30136496398115,2.39371149534379,2.54363276738792,2.75984081824417,2.80312157696874,3.12519058598531,3.02676139186908,3.24973410432351,3.29221724555106,3.42204251728345,3.37253483960022,3.31209832657707,3.4027288529487,3.24539005876918
1.2245699168422,1.378115584615,1.97972585112179,2.21658327178977,2.35068191906468,2.39891020069177,2.57652875849552,2.79389178663328,2.47469105156802,2.2829221727041,2.21542541421633,2.12889602566847,2.02690864021918,1.6082658673485,1.35547743496082,1.03829908065908,0.620267580660132,0.544690371654399,0.178292235146639,0.0595791490930418,-0.0202470777137719,-0.387783804662709,-0.630059596007402,-0.91032711014427,-1.3903257953451,-1.51916064883499,-1.62171050216972,-1.8787272884652,-2.00077353250392,-2.47985813416111,-2.84324363525783,-2.9866523864539,-3.10541694955014,-3.14531732034331,-3.25749610617904,-3.35922396007637,-3.36438395769451,-3.57875363797392,-3.77054237818823,-3.90264835668871,-3.69451894973706,-3.63531739024453,-3.55407162621586,-3.65489856409726,-3.74572332308136,-3.65287782694185,-3.75407352150751,-3.47724251653095,-3.27209568398536,-3.42521817313146,-3.50301869855424,-3.40115488865405,-3.42672216229634,-3.46368615247581,-3.15689976848245,-3.2095311230189,-2.99424180317681,-3.01900532012074,-2.82356963960026,-2.88215958471595,-2.65014628812713,-2.46295989138149,-2.17124112157302,-2.01080082604095,-1.55593364513323,-1.06521418079133,-0.863534906436517,-0.412190346506264,0.159879509923731,0.689310200180322
3.16018931989974,3.79563356089755,4.44396889633767,4.73186114708487,5.00495869500302,5.51758198356735,5.83255183971339,5.91015346156671,6.00037085608692,6.09900347159731,6.10231249870422,6.08498301718226,5.78416613940906,5.60012844510901,5.32275979029912,4.93553435359006,4.52718859008756,4.21089403015856,3.57921251244453,3.28538994291996,2.68182315284998,2.02222314914118,1.4701466098203,0.912964276548175,0.233909581025109,-0.442984378303918,-0.930503573251216,-1.7463124615984,-2.21731137678661,-2.73003454105989,-3.22084222338569,-3.53217438585279,-3.79056735381866,-4.28723672083116,-4.30901704167278,-4.65292647983588,-4.93319092808964,-4.90478090960348,-4.74533482877986,-4.68708732047596,-4.70881988995163,-4.75286047680903,-4.52309608489898,-4.1263886242486,-4.11869737547333,-4.00396192802398,-3.48370494351576,-3.02609408950967,-2.56910109970555,-2.42826136464311,-2.25525411077136,-1.82393551970469,-1.65286552758975,-1.494144180763,-1.14625112544411,-0.956967070377729,-0.640015594526727,-0.640105159028668,-0.662443925925961,-0.638778535995554,-0.481780819627154,-0.169061084813441,-0.152629958534295,0.0857457642365635,0.431501161530336,0.744803703255524,1.17456985690877,1.67108027634778,2.1165792056303,2.52835535271815
0.231084424749666,0.00687423972337809,-0.273763518711995,-0.580715609794903,-0.807003931546138,-0.819177319071831,-0.771411414033528,-1.03733302825824,-1.24863438382903,-1.4942897234408,-1.6273413912321,-1.8132217601097,-2.10199228734501,-2.35796238869521,-2.35402019561592,-2.32209486975043,-2.41837231065876,-2.69543501531073,-2.75314533089823,-2.67753153600416,-2.7085727155625,-2.56784079578298,-2.38021706938923,-1.95932555134897,-1.56302930410203,-1.36110326578357,-1.12532116826535,-0.624050069891953,-0.377934061987198,0.0538601614522956,0.251891055460549,0.761170178669149,0.88217927993707,1.25487698936576,1.26057769035677,1.41846462392548,1.34026096531109,1.34961158294746,1.28968469524899,1.00067575556595,0.7107929031313,0.686569295224811,0.41614552651609,0.315519428142573,0.121614276663585,-0.194110105134612,-0.414175159117599,-0.356113344404256,-0.239703306318008,-0.298196066108812,-0.149099992117837,0.0939722048852539,0.28130112362983,0.500640584456228,0.919230953954112,1.17358265540485,1.47736882240093,1.54617810658164,1.99841142794149,2.15554359024578,2.3406018444943,2.18901508868663,2.22452433608917,2.02862832537896,1.85098370325999,1.69820528585908,1.61215160669323,1.20217742640994,1.02021416748727,0.704144235939061
1.513516261934,2.24281988197129,2.98888905007833,3.7206226019085,4.46607471525848,5.09354005237945,5.43936893278943,6.01707338229911,6.7136783412664,6.9369276210492,7.30589062097979,7.26666186967095,7.56989527264104,7.43724782296057,7.15445034423192,6.68649850519177,6.44488077059657,5.96658582022304,5.3893306921725,4.59186854875856,3.68644589215606,2.7079076856238,1.96897564975998,1.24157205145484,0.333388590878254,-0.745678546868727,-1.80026320444277,-2.60025945202611,-3.49020274689613,-4.17622128814002,-4.65406087952805,-5.54182290323019,-6.28176761295664,-6.6761652845364,-7.1572791164392,-7.34046011659433,-7.56870071681389,-7.46751703213161,-7.58358561508317,-7.407355497336,-7.20056249180303,-6.84853392342792,-6.62412738991978,-6.19090511342398,-6.00378516567969,-5.29849859291589,-4.86827403790762,-4.48062822735378,-4.24134607445409,-3.96272911656805,-3.7052720839651,-3.41819531466587,-3.24236890815489,-3.30508137028133,-3.13879328337907,-3.29398714912897,-3.37344716162108,-3.15188562592836,-3.07841372693247,-2.98917924874037,-3.02903004288531,-2.87788944188905,-2.55577038306684,-2.19120018199638,-1.76419038192338,-1.38534764864927,-0.826520850508686,-0.483400715109106,0.0521362919152413,0.748049277441348
3.93381866507295,4.18395316550709,4.15645601987186,4.55537338913394,4.72033110790574,4.82195975597827,4.94132928312511,5.02419442552124,5.14481294268229,5.22013060128296,5.02484834570582,4.98544971455841,4.73443734966084,4.58631170352525,4.18277481488522,4.15397564669366,4.02641234338355,3.54179987994466,3.06499974859932,2.76341992432628,2.17595362731336,2.08443962864779,1.65255914821965,1.20062690135059,1.10377158738855,0.668747283195136,0.361404139969888,-0.0334685701095496,-0.448360039660165,-0.430762632089109,-0.744892108966306,-0.77761020602336,-1.11692251548824,-1.15990455342518,-1.37716234753356,-1.32161011553408,-1.59780161726651,-1.52136052914091,-1.741661587884,-1.62871267795971,-1.67046929184582,-1.50273059699281,-1.4904968326661,-1.37211590547352,-1.42578298788458,-1.40470683678902,-1.26684017397966,-1.35728924986422,-1.04086418690435,-0.957550912524886,-0.997438217063993,-1.05115340895471,-1.13206987403536,-1.04751038637459,-0.721888828831989,-0.490275851697448,-0.210928725590127,-0.073176238663383,-0.119061457860803,0.30240466433674,0.821493330811666,0.9346124281552,1.14201776257825,1.52570031893806,1.83707630443915,2.3904950216335,2.92488581022986,3.0138944854742,3.1996447020602,3.49380814586851
-3.73134226404334,-3.49343593948097,-3.61773112129399,-3.28188270905014,-3.25753806491583,-3.03985571610576,-2.83701251025804,-2.20980545460965,-1.8206479965719,-1.48989027273812,-1.05050309052975,-0.729177737863357,-0.0694281412775936,0.610786602954173,0.86059531591914,1.30816877362095,2.0354538504871,2.54937416220307,2.85286636043229,3.26840195883153,3.77853125476436,4.3242596113964,4.95746386895424,5.57823019900893,5.92624743719497,6.54662168782619,7.08783158548668,7.34300103455719,7.81065810091734,8.22677487774272,8.80112371638781,9.18272873426061,9.43319769802727,9.82300773412835,9.71867542265872,9.68251552803896,9.59686576922227,9.22533125446382,9.02015032039438,8.60988239293492,8.13509106658027,7.35243869010733,6.97128506267482,6.47442542419997,5.67059207661842,4.76155937312508,3.89027789435861,3.03520594409682,2.28381759038876,1.75420743155046,1.29032924043806,0.651052182353367,0.226696150546591,-0.401323875797097,-0.943447836772324,-1.31341222326068,-1.63398207533945,-1.93604745153027,-2.07322690517552,-2.46595942149494,-2.64931719742929,-2.65015134714421,-2.87873698260613,-3.10127058740421,-3.24215992966587,-3.51925826406266,-3.61457601994912,-3.45679710109517,-3.70400185331688,-3.92211448970243
-3.79407241212277,-3.69586354795517,-3.96652568190983,-4.22941546753193,-4.38689236415849,-4.63392778713345,-4.75271561775297,-4.79377019407583,-4.68759722848257,-4.67552847347542,-4.42603180741023,-4.33001092862718,-4.06193612496227,-3.79126469112604,-3.191577889397,-2.63642068754614,-2.06715050194618,-1.31803154388587,-0.488198075091261,0.202559900003835,0.723290370740508,1.30906890728103,2.16843445168288,2.73188037826264,3.41680046599147,3.84396477634732,3.97105987846478,4.29577526713931,4.72752300782821,4.63158993728301,4.70759268968068,4.70636098336719,4.36511293363419,4.05715877719183,3.72257097961262,3.61981266345339,3.25831357427657,2.62151236110862,1.98296878703533,1.75803854436489,1.44339589502813,0.941105829784784,0.606408524215393,0.072298247136454,-0.25768624221635,-0.313064704756108,-0.399833661987453,-0.751230924068522,-0.920645292240684,-0.977024315600227,-1.01115999310369,-0.827503368194842,-0.978080320535665,-0.890919675661106,-0.721200282140684,-0.888046584187508,-0.831880363126815,-0.848872567907304,-0.836127989538902,-1.08323594141534,-1.25630756129613,-1.49262293945294,-1.56118463289775,-2.01252065434393,-2.02313626758652,-2.37374129343451,-2.4615837417572,-2.61738224796778,-3.06445913484956,-3.42396850722303
-0.292749832157124,-0.198156820695613,-0.131336314710256,-0.144563751097904,0.00705326288142047,0.0860880641812903,0.347385059941562,0.190787690478376,-0.0552244463168674,-0.259602339621639,-0.555255135135603,-0.635312941277079,-0.671723288854504,-0.635345284877008,-0.667879555963571,-1.01020324636405,-0.87072491155403,-0.882040719055856,-0.691508292517187,-0.842766886965362,-0.831725578195876,-0.419842213702292,-0.353323785981439,-0.1392405790405,0.163677011662887,0.128307145879625,0.322268824399399,0.298996111387031,0.306811383911546,0.331007536803765,0.461181560910342,0.645662911617558,0.844543802992461,0.761090737417564,0.652703339661606,0.586081719026305,0.790416277649561,1.03063200665011,0.920456651949001,0.752269942129856,0.985599456200827,0.826916418565867,1.0575894410371,1.25987306087138,1.26044650627495,1.22988745666532,1.15418509986115,1.26367968877782,1.22938992960785,1.22156401726612,1.29398968413908,1.04857108050157,0.876119100304396,0.558917062707318,0.568510855203838,0.316340515395598,0.0334912177831138,-0.219739602134164,-0.563911828495197,-0.69453536021962,-1.00173411988874,-1.19154225543001,-1.1278251821109,-0.99528310928805,-1.20162604566157,-1.17966506064673,-1.07654942352745,-1.02154238470781,-0.951752715156836,-0.58904245407096
-0.654468406226193,-0.91678318151318,-1.11305661080703,-1.04776175566283,-1.08588694327454,-1.16585969741648,-0.981971166276229,-0.946149074415334,-0.87932119580938,-0.391924486178917,0.0317183100971729,0.123045154587875,0.463125942429763,0.773037750801413,1.05793884878046,1.07952286027666,1.57290237458328,2.01232226630813,2.46968864172578,2.71440017134779,2.80021033661063,3.23204454493664,3.78098657962089,3.9658809640966,4.16346546324465,4.42766081472311,4.49984441721142,4.73031626981593,4.81955005322611,5.06002967430533,4.88903534593583,4.65009108455784,4.53584789573152,4.37206341422706,4.10705215941665,3.72360943869399,3.47379177354862,3.41560456464031,2.98025535955351,2.58271062134973,2.06720811351793,2.00073885969125,1.62232867324969,1.1458029811801,1.04401101625601,1.04081816394635,0.792531830752467,0.545022991023985,0.535669910132734,0.316330864788702,0.320777972737999,0.328826483246985,0.409450409239762,0.640073234843704,0.825237643274981,1.15333315689323,1.20128644286765,1.29064903437051,1.36690060521377,1.33568000584899,1.59889309728392,1.658086395143,1.54570323615487,1.42715179191386,1.19757919032419,0.893638902521159,0.554919643215707,0.0943285623182618,-0.182906842161607,-0.34708640705754
4.7742227249368,4.69754596169796,4.45017163973614,4.07930651653835,3.43540581761276,2.72102453338571,2.01042331921625,1.70331606333424,1.02936278495122,0.276851319247457,-0.181801827351141,-0.57365396213457,-0.875035814237187,-1.35518561897908,-1.63972851937773,-2.20283433858413,-2.54245941986483,-2.9436823241541,-3.14788866992065,-3.44751552794498,-3.58809331114539,-3.87025788165456,-4.17621681183427,-4.27192587207602,-4.43485023275822,-4.62290284734302,-4.76467723235573,-4.59229026618999,-4.55251996691038,-4.64627866145953,-4.63255652676854,-4.54165627655751,-4.18543456494628,-3.91787124607112,-3.77288798123936,-3.40455091132256,-2.87428807827633,-2.71624801334637,-2.0797619127087,-1.64842558881034,-1.45751703943278,-0.793544314720897,-0.278149621499518,0.0433425996696948,0.230862737937875,0.826393167341887,1.04071537319218,1.58324017721927,1.74464094748206,1.89335920539285,2.07010699371773,2.40929549305347,2.46068554171406,2.6421461721615,2.8337201923883,3.10808491646934,3.41857827434207,3.72325416324834,3.84875409778446,4.08029053966964,4.35197543407116,4.5846757025336,5.02976184067217,5.37696115232162,5.3447058700959,5.74544647832448,5.675325506292,5.59869645344731,5.38536782121256,5.13745565916468
-0.409639697046656,-0.153412737144808,0.225161612830898,0.643259870844309,1.25751636103805,1.69947328976066,2.30895515221501,2.53687596065402,2.93602756144792,3.20186130347341,3.53861813736413,3.63129692652666,3.83516143459774,4.01387347459481,4.0614721585973,4.17267437287217,4.33419744476675,4.45793982872023,4.42560271535556,4.25991446944712,4.50137044059148,4.78906805300938,4.7191463374814,4.55616168186882,4.64958828838341,4.80364538627568,4.94156355581009,5.03839860829133,5.18016440292024,5.34734005141788,5.58242580235674,5.69901744775898,5.56219221992979,5.9263231450072,6.00658350589226,6.1019457720121,6.25759207878982,6.20517585087126,6.45488301976583,6.53835607361264,6.31336490900532,6.19087460909793,5.94208000023233,5.75570359435519,5.38158223346171,4.89144951448343,4.44898115898475,3.83641744536884,3.11182398902927,2.56378758476611,2.02614985918451,1.24247512545946,0.561223867807492,-0.0516528942304433,-0.727536270913998,-1.29958429189605,-1.84746440491517,-2.12520690770262,-2.47210395783956,-2.69845388953119,-2.95095614938646,-2.94344326449312,-2.94787054462608,-2.85452959860936,-2.81202182570151,-2.55493751207188,-2.29862397757785,-1.94677539876191,-1.57519445058435,-1.06172393858443
-6.66218178382942,-6.61501606287743,-6.74106517417216,-6.74739332163245,-6.47919458733236,-6.06974942908691,-5.9884297667383,-5.72746359885672,-5.44049102354221,-5.04328351507504,-4.63348313887297,-4.14412175945397,-3.72130290184506,-3.19694657878261,-2.85741254848618,-2.56833353355028,-1.92887609589295,-1.50683959364589,-1.38482725043211,-1.2410163739085,-0.845086984032027,-0.452052953836361,-0.101914734806855,0.0195569277965754,0.211868827631594,0.52617561633501,0.923200064297807,1.29760234538718,1.45570207054191,1.95114828241606,2.03655594594808,2.53983407050513,2.83283386161242,3.20905591077645,3.59591135622996,3.71175232231775,4.07371733119322,4.06891538242162,3.92453500701432,4.06211419190153,4.17867611078665,4.23808053868625,3.96429030712788,3.64795099023925,3.2510841745894,2.93391761741043,2.82888992875843,2.43187147199677,1.883227397772,1.30054103797769,1.07919774139475,0.714290826925876,0.357157957951116,-0.0368872863905103,-0.383362314182468,-0.990591426662638,-1.39339291758813,-1.92955074178404,-2.34590003710847,-2.58581345100597,-3.17899882597464,-3.35192374434259,-3.81832364577991,-4.39833489770676,-4.9606926843096,-5.4791607639711,-5.71022160460713,-5.80810954006571,-5.9746979308035,-6.25898400217909
1.30238367145205,1.31539234487105,1.43850690177674,1.45413758260442,1.35508494728018,1.36743964725398,1.56251050470577,1.53523142080759,1.52760296763038,1.47980903440575,1.17631272151741,1.31140279370134,1.05187566701384,1.11363495914593,1.0176893633115,1.05407314823358,1.16913095548895,1.21558710737326,1.37632486890481,1.376117395433,1.21883876909209,1.2415323778913,1.15157915455911,1.34473418814698,1.44976814607949,1.4607020205766,1.54638788022573,1.41473478850087,1.27317762440625,1.30604803308884,1.19744548177678,1.26060024360128,0.97733503246288,0.936622469312585,0.759689931091424,0.502130075967162,0.228914941219128,0.179608108872551,-0.123696193977318,-0.496505247740808,-0.536908255327237,-0.848977712892293,-1.08694513454825,-1.38602548473877,-1.73798290682368,-2.13329273939506,-2.54821542998252,-2.54820408971322,-2.92429644241169,-3.11009492487003,-3.04950625525314,-3.38918768774573,-3.44839023210648,-3.37368528246902,-3.58697777963393,-3.54514625985184,-3.28319429174378,-3.02407122375641,-2.73473740348476,-2.35043416946294,-2.00400749338759,-1.70283039845276,-1.33412782259381,-1.03115758310807,-0.700906575461835,-0.115197598217335,0.242550782742204,0.325836870945708,0.685187200030029,1.0170887580153
-0.162042543449079,-0.222543728891769,-0.279660983525379,0.120237146453821,0.425767752074562,0.937571184438675,1.11020871595636,1.4970946250325,2.10028536738571,2.70869264565716,3.29408733071753,3.7402097043335,4.2557796893768,4.71901243333783,5.24457876499881,5.63892987575165,5.77090991029308,6.1015866168825,6.25787218927526,6.12036017546591,6.13098441707065,5.98479931708347,5.94524917560126,5.69967009541407,5.17236321359685,4.57479686362494,3.86103672862496,3.29466171627723,2.60558085521179,1.99323476501721,1.07610418180595,0.240693920108442,-0.46289007729671,-1.23961891410456,-1.86626923638339,-2.58917762714977,-3.20493919208326,-3.88217837506972,-4.44669911893669,-5.03992235815508,-5.2227677066083,-5.33775305940725,-5.77570636713958,-6.07002847229354,-5.95678695841333,-5.72627698338165,-5.71097761369354,-5.44739202661616,-5.35774332209454,-4.8392123009089,-4.28874864667666,-3.98283853344976,-3.4453995137131,-2.79520402680647,-2.0523038470882,-1.50903878989397,-1.1238847765466,-0.753075798116281,-0.200103005458848,0.0308666281010145,0.472773780799911,0.513756580675057,0.461357087230177,0.338881878398337,0.255566295451972,0.0732775473870707,0.0108241868168932,-0.0573486174105052,-0.193182375825937,-0.207872847723997
-5.39927336865076,-5.12492881234894,-5.16029657457568,-4.94775908444649,-4.62152836974971,-4.4826272498458,-4.50630005030814,-4.31320156834637,-4.02643973373724,-3.78886563316744,-3.57057916051486,-3.77710260612572,-3.66173474014232,-3.7169394249746,-3.51390602375827,-3.49522761025363,-3.32219111302586,-3.3686818849515,-3.23862819381539,-3.34893428493973,-3.39083330877059,-3.30532629285701,-3.44864819546714,-3.4977473867923,-3.38469167558216,-3.49472941333202,-3.5500250690677,-3.42604927413135,-3.32573017068796,-3.28668598472703,-3.24712225733854,-3.12520147657817,-3.34640590099908,-3.42142620509416,-3.41652381906075,-3.29217318236539,-3.58566539044917,-3.62856009340606,-3.77844372576546,-3.9633957325314,-4.29846992861344,-4.38465065961734,-4.58202647676885,-4.79627487817469,-5.23013569403924,-5.3286927323205,-5.58222357275992,-5.80776494194527,-6.24580363295539,-6.48789613783556,-6.51926824726915,-6.66176479902592,-7.05380497547248,-7.21770028259354,-7.19062327725608,-7.37465620567403,-7.28140102078577,-7.46126109330946,-7.61330055194798,-7.43821187506826,-7.22466833524568,-7.32589004565812,-7.11038363047786,-6.94962547525177,-6.61531383032152,-6.65967791600796,-6.36215564121394,-6.10551722758381,-5.79533701557576,-5.66248997227661
0.045402343191472,0.4402474150065,0.516893990772984,0.891572284536139,1.04401271684843,1.04660147658488,1.02430588008784,1.2423897768297,1.34815744408415,1.1222462040542,1.04082600056835,0.934089695872818,0.485307257807623,-0.0791472904159563,-0.370381905230245,-0.52281605275279,-0.99949787404011,-1.42512986391788,-1.91917094572227,-2.18301187771573,-2.70411867900234,-2.91908461993752,-3.11277809809169,-3.43318975488033,-3.54969723417131,-3.93022632695543,-4.00398605176674,-4.22560199838425,-4.33925397437702,-4.22793058068931,-4.06178808268874,-4.17418134189437,-4.30281053681363,-4.26422427352137,-4.10154974551049,-4.07210082711992,-4.22378749115497,-3.96474523521052,-3.70979910260952,-3.45386479724956,-3.39629318021481,-3.1287944542434,-3.02224447321066,-2.95528879024276,-2.85708412208982,-2.5723317793899,-2.62908712325406,-2.54119547639621,-2.34779940464518,-2.20724670540386,-2.01371654182805,-1.87273215675578,-2.03642295307076,-2.1419763540662,-1.87327080783425,-1.75173834655986,-1.82789092875426,-1.93857783131795,-2.06398417268953,-1.81530869367002,-1.67760940505502,-1.80372620598325,-1.69237573981742,-1.5244726577386,-1.47038003667979,-1.21350006961885,-1.10057493704426,-1.19766669521982,-0.801398002790539,-0.391545579353026
-4.21149956234719,-4.09584298258624,-3.95446813366395,-3.46076223947616,-2.76898328359884,-2.2097022120729,-1.6944160628927,-0.906782663107941,-0.310535781971519,0.630705325870774,1.48309198627424,2.36078221182657,3.14311138673138,3.58469059594236,4.15437238265102,4.49746213397356,5.1887040890746,5.79206611004173,6.27452422741659,6.40532327450638,6.51702822136387,6.75068686573758,7.05864906812868,7.23717048843622,7.15723406155747,7.17457230182029,7.30652929684796,7.30306100235413,7.15553663621281,7.15988048754237,6.81311492632225,6.89025614291402,6.44468468360328,6.35085462750791,5.92280364746102,5.54003320394132,4.99999883094921,4.53510586812296,3.83543101129367,3.48370033589147,2.84384314582497,2.18777156831492,1.67931161592081,1.3443586616011,0.788746329643761,0.248445963527143,-0.358278882304985,-0.847286423189635,-1.24562283001722,-1.36776557375213,-1.4579891828304,-1.51177989161898,-1.56010811800511,-1.85932346813908,-2.08716009745818,-2.07495930181606,-2.25027549826643,-2.36080531229518,-2.58432272927922,-2.44208272520184,-2.58991359444514,-2.8005920355434,-3.14528671124082,-3.48931549117892,-3.81251800692469,-3.95249012943678,-4.31503607531326,-4.41225123482531,-4.43624981466586,-4.43155603380817
-1.25775679267205,-1.10735385252946,-0.9397027308748,-0.753697892752268,-0.601727419473964,-0.407015488796758,-0.200498139641579,-0.0128928778657819,0.176539424285439,0.359444073124959,0.575867205143655,0.764267967027367,0.937416940596664,1.09766044801225,1.20869384442326,1.36538479253878,1.4073806012777,1.46363617783283,1.44852478501742,1.3907237229628,1.34789733727871,1.22981519802829,1.11655672204208,1.00595754312906,0.904556016975497,0.75688002119194,0.666859168535436,0.593989711055347,0.516274247145044,0.424423668252746,0.36377007670454,0.27655120432348,0.215375362761087,0.104504085069391,0.0165850377470311,-0.102605898281156,-0.189027196865147,-0.335487070295697,-0.438830502341348,-0.500889625379381,-0.532941995543069,-0.558639448155714,-0.591232662656872,-0.583850742883275,-0.552867821415289,-0.498059209677369,-0.416198076677394,-0.342274695120779,-0.331954816489034,-0.290660375108836,-0.251245218610537,-0.251859044636261,-0.2930160848365,-0.301802295269204,-0.344437531368705,-0.456957277114285,-0.579930062957594,-0.703537507140224,-0.842875514943648,-0.976120460733542,-1.11760813534786,-1.24090656034122,-1.34595096974503,-1.46690245475331,-1.53160623068836,-1.56139094244956,-1.57780757224265,-1.52242429650768,-1.45683228349171,-1.36142687242974
-1.37512980299198,-1.4780285633928,-1.583864965524,-1.70247155457601,-1.76568554591474,-1.90256982902368,-1.93115834886294,-1.98947915206861,-2.03196862583837,-2.04094364152751,-2.02113150425009,-2.00796591481489,-1.93664689278183,-1.88984142799986,-1.83347583428246,-1.77930986370806,-1.71536432633187,-1.62184348867448,-1.54207486886853,-1.48727571893713,-1.40668907307261,-1.29099493146818,-1.17845919332846,-1.05904542299585,-0.960918320881616,-0.795692593821084,-0.667526068811115,-0.459242981203416,-0.247060086540445,-0.0581368270821724,0.149648131881301,0.405668813978354,0.627856755793908,0.89454401274607,1.16960160853843,1.39772851453828,1.66028976230339,1.92763274617938,2.17090613288507,2.35476930328958,2.57042879516127,2.76776566162001,2.92251244794586,2.98528042829381,3.06961083655731,3.07717528572468,3.06284616868402,2.98549896675784,2.91769819613192,2.72455823642331,2.56123475220328,2.34882304396943,2.09924476060554,1.87354120808984,1.5673147727212,1.31705982853387,1.03290757757404,0.746502085230722,0.511893692573553,0.233033450155641,0.0273181492115725,-0.210107424755225,-0.430189458994632,-0.592477650045729,-0.717910382700105,-0.837301813988534,-0.983839448455505,-1.09053273594811,-1.18116068239907,-1.27317623836082
-0.480837951067355,-0.451275823264738,-0.424038056624788,-0.382663481836071,-0.412963181404902,-0.449476981051447,-0.542601924229462,-0.678259161097614,-0.824626198851242,-1.01285526863448,-1.18105953066593,-1.38972686633504,-1.60241869276654,-1.73548924886017,-1.89014504613701,-2.02983218982048,-2.08617712871447,-2.11191038873689,-2.09690368681881,-2.05429574549132,-1.93295157394555,-1.78133335603447,-1.5586809211146,-1.34825335950574,-1.12522366567239,-0.857226888353434,-0.559652343693078,-0.290305505390262,-0.00675183699014446,0.276506318272617,0.552136083387178,0.76284307544401,0.973447868737187,1.14878127767815,1.33634328372461,1.44285428243154,1.53238069992828,1.57990989169597,1.61581110861128,1.58631694675766,1.5773962800667,1.55800251129989,1.53843363820561,1.50255950919651,1.43064755113461,1.41168515815939,1.32417507149619,1.24300702767711,1.16121023198243,1.09184855752362,0.995022403946672,0.913036850621691,0.766694513908242,0.651197997209136,0.537755167906591,0.394629424938888,0.260979718261465,0.102751645779296,-0.0135938231355288,-0.166112298182948,-0.312536598913122,-0.431174712201331,-0.527821210275333,-0.587713832053441,-0.647074243188491,-0.676815772179626,-0.689774659145979,-0.645970922226397,-0.60793415774482,-0.530231777773211
1.66836503318579,1.64886032658607,1.67747000403297,1.47916898144424,1.31932348371472,1.17219706079415,0.897761885585345,0.927376212257723,0.752125820932887,0.419406671143851,0.234564440878103,0.043690144828614,-0.272378888432028,-0.166970942068568,-0.300810167057853,-0.460085306389156,-0.350924790055363,-0.160697424044046,-0.048978868993663,-0.0388301333719372,0.336982134121039,0.745163356401052,1.0704772052016,1.20460341181771,1.30202736083348,1.42556805858118,1.79122714830331,1.73373384411523,1.62107857295729,1.79951966163314,1.83651373211705,1.52010402388954,1.43762469780182,1.41961655023305,1.10176693852325,0.817057414117964,0.459914896814296,0.23068852954989,0.00125749799179553,0.0760618738929823,0.0545532215273262,-0.108197511925163,0.0550695649248415,0.270365478169588,0.617161927760387,0.819596192916395,0.997598737191503,1.15858034672185,1.34671390510043,1.85261534996354,2.06710105883766,2.40776995200534,2.40812307239759,2.78657653612513,2.81431092893998,2.60803590618787,2.60569665202782,2.31462103895657,2.36782853656477,2.41355261289072,2.10919135650134,1.82259212231005,1.90764171738829,1.80855195068044,1.71421737541791,1.63789822093715,1.40791061989236,1.55769637256915,1.70088184728182,1.69014479150874
2.92596518334205,2.65474143571125,2.63450824645958,2.31356476141806,1.75430883001377,1.46363817700622,1.15384850213753,0.733507735705664,0.228987909490537,-0.253285177392673,-0.89729944444932,-1.41041274438991,-2.02227547759263,-2.43453223491939,-3.03823305004181,-3.3688125296058,-3.67579375448266,-3.98286753974388,-4.06929059655258,-4.27210432460371,-4.34931489220936,-4.3515551209933,-4.26194403699687,-4.25364723804628,-4.05192645862082,-3.84472634639871,-3.89318168391052,-3.90118132998261,-4.01305120900321,-3.91499012324733,-3.96739700637993,-4.25314798305557,-4.52628047326815,-4.94268952687821,-5.12476498479121,-5.37095144083053,-5.53734111540992,-5.75565401217755,-5.85206670814119,-6.22800463512396,-6.2745412130093,-6.09426963895168,-6.00690947671413,-5.81979752008289,-5.3507971504185,-5.01138634784765,-4.55716699526595,-4.16119233815049,-3.40324167603496,-3.00628312707867,-2.30461092020777,-1.46994327833131,-0.970287774991741,-0.433047434322291,0.34014396031709,0.829173769518666,1.4724302689611,2.02692121506971,2.20610077817098,2.53114142599535,2.87872441492014,3.16989745560674,3.2786052154665,3.36963145354823,3.55216519353305,3.47677635338713,3.52778809492744,3.51933052201893,3.10689916168869,3.03410863219198
-2.01975348187201,-2.31418750570409,-2.48843654964261,-2.3406324508318,-2.50452361846278,-2.44764022850166,-2.45523426720389,-2.66776720772577,-2.66389396118824,-2.56252971660609,-2.42636602296818,-2.17037276267661,-1.87099817999306,-1.43776986927317,-1.00277824401363,-0.76495060433226,-0.511726934770673,-0.357591689557724,-0.0978293617672414,0.169030654723165,0.164484533025595,0.119623956592945,0.0732118526425487,-0.109190248006638,-0.521161125492992,-0.625716070247321,-0.929303069629755,-1.34760287242714,-1.72952241327272,-1.92661038143628,-2.03852161175909,-2.18333720560125,-2.44970567054212,-2.39157170598406,-2.09853610983641,-1.75478528844206,-1.55114894288032,-1.25826748327856,-1.0380881167354,-0.56099415577006,0.0056740940699746,0.63273688748833,0.833089915565655,1.39809103786874,1.75024166605738,1.91936157420978,2.06054557101089,2.28301078365469,2.56012500180816,2.40122062593313,2.50296285585771,2.36570179415846,2.20342328473104,1.84082687315907,1.83308572763694,1.45143637597478,1.2021783561968,0.63093413158348,0.347276754207126,0.253895184240037,-0.082305644317934,-0.601084448550968,-0.815807501111762,-1.00965573955371,-1.12641979081369,-1.41674217396873,-1.44076455147096,-1.83435638888124,-1.72000523767246,-2.02588714548044
0.166273457519607,0.308664415332158,0.653833796275507,0.848719927275066,1.25327888544036,1.39873483244874,1.68573911046594,2.13998973606233,2.51160268592775,2.56621310856689,2.80740140440625,2.78047785618292,3.14593985672357,3.51547209723621,3.8053742833825,3.8872075443689,4.02939542393944,4.21247589429957,4.16922434332252,4.2708605625678,4.62603581992724,4.43897452505036,4.67722298998311,4.59068191328828,4.42840047461702,4.38609535664501,4.3863763150054,4.02923215296213,4.07129395311511,4.06852132485891,4.04551421030047,3.77602067817345,3.54874709532622,3.24371683331159,2.94367622724107,2.72476733538868,2.50708613231571,2.50223190110574,2.14086140941756,1.89542904757736,1.38518806833882,1.04368354101961,0.581497713462249,0.508011925337047,0.23107390457706,0.114052190081023,-0.284555670956826,-0.337225010250742,-0.193098163967173,-0.38955466203584,-0.360401307312359,-0.516872194883135,-0.213345306796507,-0.339527236511237,-0.438511128684296,-0.427738292032614,-0.590372642326512,-0.746148065511002,-0.799916218277971,-0.641918891047632,-0.632679629779713,-0.753364305060577,-0.898083995160878,-1.02870770834268,-1.04283215438158,-1.19176265242076,-1.05939221538834,-0.696846079164558,-0.404052953339294,-0.289662234817387
-0.154720833636582,-0.0781742766651351,0.104071294585546,0.0537735855417666,0.347680505859738,0.765698705651222,0.961861789929713,1.26766405536735,1.43012328592647,1.54505242605926,1.64092080624334,1.58535695184366,1.6664019708565,1.95319436493078,1.94399604550594,2.06781496555451,1.80206874382995,1.77440628609678,1.72690297936601,1.5484792845198,1.27262085930347,1.08876080556546,0.986295652845006,0.959917363339726,0.588174901791126,0.30356628790336,-0.138088257705818,-0.312858340742996,-0.490115775703872,-0.745015482253924,-0.836963193909968,-1.10351648324529,-1.49991466057526,-1.66132471030063,-1.97499995041443,-2.20181370332307,-2.3447056538423,-2.37056509777396,-2.35826710182687,-2.35463726311761,-2.61661896201578,-2.43740117224808,-2.24249448409871,-2.03729316621764,-2.08256817905629,-2.09874127542113,-1.69293200756256,-1.58716418032301,-1.51104488276255,-1.33420165149803,-1.42582046963823,-1.57604662175577,-1.33406463931304,-1.18945037125303,-1.00118187256763,-1.24303372865603,-1.32779155598552,-1.24497578669001,-1.37003604699838,-1.32815595656383,-1.28678511173473,-1.34355491374172,-1.15406866788467,-1.06227609165685,-1.23994749128383,-0.952851232240597,-0.882345597293645,-0.635279491221401,-0.78405646161263,-0.501066302578195
1.5196509792291,1.97610217261879,2.19131652624581,2.20351586748939,2.53459860005148,2.67919966538737,2.77451774721085,3.041904926774,2.86487424467165,2.70480396043759,2.87620891690672,2.94962935462265,2.82562105789386,2.828235348407,2.69734092648908,2.31603391465205,1.90206869670909,1.86089129194557,1.59826567488605,1.52409064376899,1.42699325868814,1.33239226829055,1.07322359026523,0.929401002557508,1.00841351635804,0.737122591323856,0.503955125326507,0.422049849424901,0.272893000022067,0.275671736442018,0.194040312340971,0.230859854381992,0.261031838394228,0.195484860720972,0.0358764865678063,-0.0833773589342115,-0.231157467271981,-0.493960132817933,-0.705246322469882,-0.810622801276286,-1.15947894385878,-1.07653698895496,-1.16263597601854,-1.23128164674311,-1.6764863911798,-1.9648780430218,-2.36845446496775,-2.67490344442558,-3.0825501798841,-3.0750892536476,-3.51550367324055,-3.50350125481633,-3.71163325292536,-4.09806384434436,-3.95839531831537,-4.15859585094274,-4.02217388049826,-3.96413810189561,-3.87470512084468,-3.41722401219238,-3.12891396562461,-2.56547178963112,-2.04859696188126,-1.80810090031376,-1.152277844182,-0.5367126059146,-0.0490846944964399,0.308485757898747,0.730007328621293,1.02218574785033
0.712702705790425,0.853601000115971,1.29348891054896,1.37595486938557,1.67252359997533,1.74481528114907,1.9255263719108,1.98398974684999,1.96039854914366,2.14183528185374,2.34361391063767,2.13768473566973,2.07924297870186,2.3784802705549,2.5555555025051,2.56635255200725,2.40783762385587,2.50024045889922,2.61495915743469,2.60763537705866,2.58609703821123,2.74815650431875,2.52910836740748,2.31222571721245,2.4274892381252,2.56443895712324,2.40900438702286,2.53665945204464,2.66322075158489,2.66216727304381,2.43218139920658,2.48572598206184,2.47068722936002,2.47151467564935,2.19953237038874,2.0381846332791,1.66785218708003,1.58221573436461,1.04045901728599,0.487613480642666,-0.0787871506253974,-0.458811524452015,-1.11128495387212,-1.9083679644211,-2.47947165941808,-3.06713097639786,-3.89366371271148,-4.49213637031181,-4.91097174805314,-5.44823759291965,-6.01079798651672,-6.4874176319091,-7.00437368909907,-7.32914587789513,-7.35605151415715,-7.31896975695654,-7.12294690209983,-7.08629934863992,-6.69267910732262,-6.18155129370486,-5.63846151554943,-5.20807973959396,-4.47257955562569,-3.65072002769402,-3.11304561814724,-2.3462894678853,-1.61907046189919,-0.730494134835734,-0.27141088689981,0.186420772396465
2.39164655595908,2.50436069647848,2.39967898987552,2.82968262400132,3.06211045304036,3.3912165735617,3.34719144664168,3.42980015310248,3.40969335811268,3.58274415340779,3.60934537690049,3.59401269026587,3.53134538351049,3.2776599007789,2.99672123230213,2.89436591009099,2.52496954623601,2.05826352312401,1.78297352355347,1.42691892724104,0.974715065264283,0.819939727600309,0.565455667381285,0.126224479459528,0.0107266403350204,0.0386418198840447,-0.358850391378968,-0.562285376117844,-0.558048328491856,-0.80189042204028,-0.611481740189388,-0.543366872828454,-0.626305868756454,-0.617501130853388,-0.750966366300654,-0.574254188746342,-0.296870955144242,-0.486960360674802,-0.535323382953007,-0.426912921088823,-0.153525909251338,-0.324989379548077,-0.286003363508167,-0.249561406832817,-0.397019787733462,-0.346290219892483,-0.149656985319302,-0.346277039369421,-0.239788378461019,-0.0340589248037188,-0.104315217969633,-0.2341144287575,-0.282031072747092,-0.401771129184851,-0.193018820687476,0.0965512115056094,0.218298459690401,0.390133905591119,0.38587884136978,0.587733095380852,0.563240371021918,0.657084037564119,0.798707589956177,1.13177698935841,1.43379408201706,1.33801209755305,1.460293977254,1.79999321055166,1.70667856203867,2.05676804680213
-0.526105624618125,-0.538632032090576,-0.245333906243416,-0.420051735068306,-0.399253106712855,-0.247153816176244,0.0166612297343548,0.131251359839769,0.367146697991191,0.503304914358036,0.590251600300002,0.607329125758652,0.740974737118375,1.11212554208947,1.45122352028468,1.738768526513,1.88565212598489,2.16820072527537,2.36898062937441,2.28972202981898,2.61749448964674,2.56377923101189,2.94045393760325,3.2498272464056,3.26074004386769,3.32470229971921,3.58423538112338,3.69697846567482,3.93884817375967,3.87678920153197,3.73296753607305,4.03864149061208,4.08367529600569,4.26153419120334,3.96896845466934,3.84754755519767,3.64845801623649,3.60342103555001,3.22793037096709,3.02561423076895,2.49718477720223,2.16510627305839,1.85430853278386,1.20853855968567,0.726182837461827,0.412725033930954,-0.224114090351809,-0.475049944293246,-0.802420195194608,-1.35605229434393,-1.45947527587789,-1.49252661255251,-1.87720145900187,-2.18705320461792,-2.1807131505296,-2.1361524071494,-2.06596061963893,-1.75871619128347,-1.85015703912049,-1.59272172546071,-1.50318983961796,-1.54212095488816,-1.5100248160774,-1.20190936175129,-0.811899538914919,-0.646172971672635,-0.666468104267489,-0.74916807762484,-0.619540275391576,-0.365840520365081
4.6820894998844,4.3923438106399,4.09912806525846,3.65345709953111,3.12391711383121,2.62905950521506,2.21867929043348,1.84785895927514,1.59168627408899,0.978418728223499,0.548712990838407,0.119207045328396,-0.133487127636183,-0.727992878367588,-1.03445574705861,-1.57232953031574,-2.02737755731638,-2.24355753404304,-2.77716420963644,-3.13494975407712,-3.57190543560336,-3.66552230093878,-4.00094928791628,-4.38429831275547,-4.30421002211248,-4.33493607820652,-4.40373973851429,-4.22368537986519,-4.2315728997952,-3.87870047771376,-3.65339414064395,-3.53848294164099,-2.92082132227998,-2.54815743648385,-2.35412037006742,-1.66444826985815,-1.30887817361668,-1.02189020125366,-0.498485563338231,-0.219070248925013,-0.025998109736601,0.476787425184604,0.600697422677735,0.868346632030546,1.24705058531596,1.30372868173687,1.62335347967496,1.98656641280324,2.15065962599891,2.41937159461301,2.77868514529485,2.97492500314842,3.39191633502601,3.55759349374469,4.10330163284173,4.61257787243104,5.05181764721194,5.39598830689913,5.59936407921921,5.99837286178233,6.15296583495317,6.34333488842677,6.66611154985454,6.51150219165964,6.43921555847681,6.32477491989936,6.0347340527169,6.00100443998737,5.58558806302185,5.35094885911715
-3.43654377112979,-3.17573250618897,-2.66861339437741,-2.47624710676681,-1.74623721928073,-1.21231664080463,-0.757788562019951,-0.188574132420932,0.333546328219313,1.14851099317177,1.5998823215892,1.89675561983762,2.39036973262561,3.0810322888893,3.4524306166898,3.87226317926206,4.28872825715315,4.74159111849528,4.94297470486856,5.43365149843178,5.46498624387281,5.5089838428709,5.77431169265588,5.66748407003724,5.78405714371671,5.89059918016127,5.96684843609681,6.03418022799763,6.0784088361408,6.18158608157472,5.89381567218724,5.96878348409178,6.11179082655054,6.10925062457002,6.00026213783563,5.93708649707436,5.85893268011115,5.57197274331037,5.46219888409866,5.44321704041951,5.19965418028317,4.71994839921949,4.12853399083067,3.81727796396484,3.44241051083468,2.7732527577032,2.51431338022152,2.07101398179893,1.47427315622617,0.974986318251067,0.3244582255791,-0.141997780164799,-0.449623886423021,-1.00453047080906,-1.27914911561006,-1.87217205807921,-2.35788542044767,-2.79064312006111,-2.8239471079669,-3.30584012441138,-3.69647329531091,-3.72149719718446,-4.07206561866794,-4.37197452591112,-4.24601146931132,-4.20934788781425,-4.31128507079812,-4.32428720333327,-4.23223468241892,-3.87855747240795
-4.83460765134345,-4.63659840639068,-4.07278560037996,-3.92706724120918,-3.47350165385858,-3.1307220037796,-2.44788923439641,-1.72937924058137,-1.48515023544147,-1.17607204968769,-0.861276674451203,-0.503097903733084,-0.0862401162161461,0.0552552144738395,0.0357672046224735,0.184581146334633,0.377430276822959,0.33780337566765,0.473145721230748,0.332569333940512,0.11721679388988,0.21324518792054,0.395786592378307,0.184966604118888,0.331994671604549,0.410568408913446,0.712054498321999,1.00068971855476,1.35169508956708,1.72697428293791,2.03967740972874,2.56820182345462,3.07855468902309,3.6490296477691,4.35257764063748,4.92421774002903,5.13306174104645,5.75034271956044,6.19954100297428,6.52211312310187,6.83556662034953,6.94473158257925,6.85606271665219,6.54129615666519,6.11369198619555,5.72634683597143,5.16692065944269,4.6125003946648,3.83343208500879,3.2098428331319,2.29709932752726,1.19783728861001,0.365099474125468,-0.67823757819807,-1.39607605253804,-1.92551403409143,-2.45446262222354,-3.28691008809166,-3.92001574288331,-4.21347025858111,-4.67918436775407,-5.06055334462928,-5.10643880008303,-5.41427881244219,-5.70709817684382,-5.58554727627248,-5.58883545911346,-5.7769036996668,-5.51471904715557,-5.16689764489101
-1.78584449435391,-1.5352983004859,-1.67816526717342,-1.29040552359062,-1.12141622983185,-1.01521770215576,-0.818452868809283,-0.49534049857203,-0.454186987687239,-0.48174720651933,-0.483738425550291,-0.267256325351574,-0.0950438970789739,-0.373024680018931,-0.51032094405143,-0.517509631292237,-0.679740975433963,-0.595309454825453,-0.528977220812167,-0.548297739681219,-0.361583090019186,-0.495607736241642,-0.277594983723427,-0.0637348194903981,0.0701162851596085,0.163087022399139,0.152795436774081,0.370026858039303,0.560542021848738,0.422307859556109,0.22808083339296,0.261999955334165,0.255061095542155,0.142259948186444,-0.242554370470378,-0.681347456244543,-0.927497272143143,-1.22128713968883,-1.28945403741857,-1.64134862092332,-1.92919131214604,-2.39182702507966,-2.36698546584524,-2.67185416009566,-2.78166018727433,-2.72147528749002,-3.01825793703082,-2.88381199637734,-2.97638548020429,-2.88260028603618,-2.57767381618964,-2.42431845532587,-2.07497103767052,-2.02777578887508,-1.99769537236525,-1.77972969396666,-1.52371885605943,-1.58436283215507,-1.17264372885257,-1.14833329162817,-1.32127949616993,-1.47253714200735,-1.30611971495841,-1.45193685870209,-1.45284384717817,-1.77001492553559,-1.84672777802155,-1.84317903716012,-1.8591248313268,-1.78605079128272
-1.34581388725767,-1.359757027264,-1.09975935739863,-1.26391405384629,-1.26592964069245,-1.31770363136652,-1.41751870420821,-1.29413884329436,-1.37013227093542,-1.32295526657873,-1.13108319572569,-1.04455160222435,-0.845705117478901,-1.0415494017359,-0.750863493409031,-0.807762400849077,-0.787237328315246,-0.450448354854756,-0.47502367032038,-0.280180415834126,-0.337414141075757,-0.224970158346521,-0.248287694606831,-0.340272848047792,-0.21275077738593,-0.130827236085168,-0.0200583650021239,-0.0345643100429028,0.218917214187597,0.492028104421509,0.753953791217843,1.07479182627378,1.34075181774798,1.58427927740765,1.94367453021693,2.5111815283406,2.93990881978746,3.18465659623048,3.52010233831623,3.80711904401883,3.73794980039267,3.74986312756594,3.96464959905214,3.88973551235276,3.54420260418255,3.37080416908852,3.18529990261742,2.86630672118671,2.490507418563,2.17105892558152,1.84424107374397,1.54111912021188,1.29042714912563,1.11394032365914,0.775819490612125,0.544390518340165,0.397860862204149,0.140799604438027,-0.0585870595504743,-0.408047757587995,-0.498564089734654,-0.387584725126172,-0.73649635779238,-0.774029119485148,-1.06015617794845,-0.96308238017673,-1.23661910316173,-1.33290222861527,-1.45988302550973,-1.28529932685373
-2.26200597920065,-2.1381847951027,-1.74760381546549,-1.38880953528583,-1.3724881628226,-1.3166146240213,-1.39630339304932,-1.43190456201875,-1.44484699985986,-1.48610811625215,-1.33355065501304,-1.11553617194818,-1.21269093678024,-1.07697190367355,-1.21510830916671,-0.961421382192377,-0.748888194019633,-0.372016447400062,-0.338858684751245,0.151175912041944,0.270604876138046,0.406188611902758,0.985784566574556,1.44877725498685,1.80674167081436,2.24521912106304,2.25688485382781,2.46438003277823,2.72043532999768,2.97611715463078,3.15538764788373,3.41603146830612,3.47157934635474,3.65793740263915,3.59698610545241,3.78746059663273,3.58389986795094,3.43875720360992,3.18542979037163,3.16362207049596,3.19419985022677,2.81797980599976,2.52961102951549,2.14556516719496,1.67283197869972,1.43172331779719,0.902521234761449,0.530968534584279,-0.0523978124276433,-0.563344196707764,-1.15363292266541,-1.67571020663858,-2.22903845202643,-2.49141499683835,-3.13374824057395,-3.41732931845999,-3.84063252706348,-3.89102469141691,-3.89261191166455,-4.16457319769996,-4.1610766308465,-4.13083285794582,-4.17281748379757,-3.75956491455124,-3.65754594936343,-3.21845450358844,-3.16332063979323,-2.94907657646245,-2.47298083626563,-2.29656299316022
2.09162865389455,1.94704231915863,1.36533739761736,1.19238686444492,1.0578666205618,0.75899736584411,0.672102797892064,0.51739258216064,0.469240644458248,0.434785260254377,0.294712573820473,0.323924082120299,0.528777213078666,0.535850278798673,0.377630486820498,0.277248473983135,0.405561545912614,0.345975318346796,0.191952925150043,0.029311414050819,-0.259012833276571,-0.671854112767434,-1.23384014429452,-1.83252308871209,-2.41889197198229,-3.17360573009624,-3.77548078001087,-4.18680683785453,-4.78332768566442,-5.67505875698974,-6.11751806906681,-6.63381573715354,-6.9059468434135,-7.22521271815088,-7.35473638562623,-7.55918009176936,-7.54817257362664,-7.67917026437476,-7.54675132594941,-7.25722177082305,-6.7870754939603,-6.68394890009354,-6.49192033473958,-6.06933536317933,-5.74482662327438,-5.30016853484536,-4.77857888273243,-4.32233646563646,-3.79383235272286,-3.11183049321688,-2.58364444274153,-2.08815805395394,-1.68312812857991,-0.918825759765784,-0.281733371640633,0.266149541380643,0.943714409313034,1.34158143025127,1.96700667640914,2.33825328394202,2.41484139579482,2.93295336185108,3.2328776326617,3.3082640941972,3.17079805200177,2.97817448157644,3.06978233497815,2.99814789012222,2.7419483242106,2.59750635719006
-0.105735179847019,-0.0461457613670113,0.246930443277031,0.441194706919357,0.650754475653152,0.925589364423848,1.22025049293727,1.49848817528088,1.71879868908342,1.76900058980501,2.34263210026366,2.47896165446703,3.04496143644303,3.5147496985482,4.01924851480075,4.14136062702357,4.35720153201645,4.30629352739033,4.33983938365727,4.14223046950241,4.26227376183513,4.20915356660349,4.15337333343678,3.61889438890225,3.14662106566501,2.53424830795151,1.96816621140475,1.56193603831533,0.803327278368362,0.366940244918764,-0.0121091798135331,-0.645563483446796,-1.10350189144727,-1.43617213070838,-1.59437482068265,-2.06534741848109,-2.022398129145,-2.26521593878059,-2.03602848604825,-1.99594131774514,-1.81950429329727,-1.4062489368521,-1.25264739399512,-0.841168755316907,-0.571856896669754,-0.439680642756433,-0.168321552553399,-0.0723302305567517,0.0261261528341639,0.168513752380011,0.206197276797313,0.231249784214066,0.00971908804877038,-0.124508374029908,-0.174646390003392,-0.39527625102056,-0.796118214409265,-0.775997121615219,-0.736135418960078,-0.946005964830272,-0.845334776395372,-0.91555688842233,-0.801423914645108,-0.875257345978176,-0.70026859508342,-0.738275067284969,-0.322276319077962,-0.0901792541964791,-0.108956553878459,-0.10910863743889
-6.52951077907339,-6.36322317522827,-6.21642505950855,-6.04814522058658,-5.75671482500573,-5.4793084508872,-4.96618601392565,-4.46203807608097,-4.21073620808775,-3.74464856488072,-3.10895939598431,-2.46258834112458,-1.94541232804344,-1.33916868695893,-0.836942936417671,-0.122211226911206,0.559420200801611,1.00568464497054,1.65099420376054,2.2995126841036,2.44605109873747,2.60591040283982,2.67667704258567,2.90199576184286,2.85778734112291,2.95911048080814,2.83455914284486,2.78237272204271,2.33934058205381,2.13712928568006,1.80494588450324,1.29044256289709,0.938929683224229,0.443964485726266,-0.0638462979383572,-0.545397432060105,-0.860886849658332,-1.09589456533453,-1.54975576085352,-1.75842050802836,-2.03683908306308,-2.5263106265557,-2.8125450457166,-3.07212890865485,-3.26938270426251,-3.69348672043248,-3.74976509271439,-4.09487926163833,-4.47199629412827,-4.52075385869252,-4.67561308973112,-4.76747419090136,-4.90493109645562,-5.32909806932884,-5.37495494400259,-5.48987992753737,-5.47510902855569,-5.60954613030871,-5.86667909095116,-5.85022188026912,-6.12982405260931,-5.93631519595064,-6.18332558723824,-6.23539318129632,-6.45580840683109,-6.41489573103168,-6.29860075660072,-6.50563210886543,-6.70278792826577,-6.53566937867912
0.913560251554762,0.86305587974857,0.766651296885247,0.632176565991876,0.509555176694311,0.342339853451734,0.142956714870717,-0.0789374364759774,-0.291578541468379,-0.551076434649222,-0.825851802228018,-1.07008307915363,-1.30683162916114,-1.51292860725911,-1.67156624470426,-1.83569407696176,-1.89956102165501,-1.9028364268967,-1.93187473264098,-1.89478380566048,-1.79843610699957,-1.69680599268206,-1.56465806195057,-1.42589218524959,-1.24574709330083,-1.07194833991713,-0.885577060306341,-0.689966075930261,-0.526575325001605,-0.314175299513243,-0.131276429405579,0.0760270435508289,0.250177875997971,0.422162304000808,0.562327524344263,0.745873254370478,0.853396625672986,0.976921724606074,1.12487887673281,1.18199222301731,1.2196289130429,1.22026923599488,1.26233328654234,1.21420593054625,1.17953118144331,1.09832269051854,1.03657775218707,0.944857042949753,0.921566803768135,0.863331269451984,0.848740071623096,0.829460147916343,0.845337704503235,0.843041225807192,0.885923429236892,0.91196973648669,0.932056889651614,0.956246995422915,0.961112196530557,1.00610301345433,1.01997241345471,1.01493764116999,1.04393793799559,1.0325157903649,1.04275131202403,1.03867817781031,1.03714256355943,1.00600912397783,1.01396336814512,0.945084649035144
3.04801817237214,2.93812206226885,2.80960419322207,2.68064692157954,2.54555606612377,2.35683574306386,2.15741192523765,1.89821400294582,1.62804203785758,1.37938960324089,1.09981775637138,0.834042271635005,0.520450527345097,0.216422760875347,-0.0473434529069197,-0.286391021647671,-0.562302942584076,-0.756833874839576,-0.971677791919092,-1.12959476665689,-1.25213958079033,-1.35610172196352,-1.42622151182021,-1.48308775292737,-1.50695952487946,-1.54440723393682,-1.4864198931371,-1.48874052981412,-1.43585661823658,-1.37790996400364,-1.28956532128549,-1.1460538429948,-0.985572669993158,-0.853771292850123,-0.654334635609343,-0.455486341090962,-0.252686850100749,0.00474529868177354,0.207967448431509,0.458601905340338,0.64714657538584,0.877384226548286,1.10065652231146,1.28774051941484,1.52290562661757,1.69130451079826,1.86585205736218,2.02582241244836,2.2109455432648,2.32085326532285,2.43881087843945,2.51420128305993,2.58251786542416,2.5909733355295,2.6366191071661,2.67157108533554,2.67015274416847,2.71494623995393,2.77469522805154,2.839014625163,2.87368941060424,2.9320134066675,3.01147394114953,3.11097243613282,3.11250363529302,3.16498438704201,3.19188721573029,3.18269794974391,3.1130520780793,3.09143000146055
0.579029357170229,0.641799638066818,0.679386465017504,0.766468549643623,0.807526925521195,0.882408498598963,0.947464870286645,0.977165410635092,1.01879472933478,1.08448557437798,1.15877717697051,1.19339794016221,1.25276223919178,1.2548727843051,1.28166375404249,1.31808479937001,1.30487714113967,1.30837717782,1.28476788712748,1.2161632100116,1.11971427807208,1.00219400689255,0.916160583672748,0.81276472529473,0.662869549745625,0.463577627629846,0.285278227562823,0.108479798740563,-0.0953528547594237,-0.260094055494005,-0.485162842701301,-0.633507742090543,-0.835747808460075,-0.99170840456347,-1.10505948099734,-1.18221000498985,-1.31270949332417,-1.37559132033413,-1.39823108617763,-1.41914952598435,-1.40355476431573,-1.35229015474398,-1.3538184429358,-1.29515704952434,-1.27459732081355,-1.2026204595524,-1.11440133618018,-1.05222817810038,-1.01413549301282,-0.966700778665948,-0.934971384244896,-0.859193511561402,-0.772248904928194,-0.773443055969516,-0.720574500496593,-0.658650990906473,-0.600833924220431,-0.512885016242173,-0.42238290425629,-0.342885083447737,-0.221588896316064,-0.135941984734733,-0.0166595426741753,0.0746288604084992,0.151979790647005,0.245218825565598,0.337690294528094,0.390013626383519,0.432152201832212,0.489780026861158
0.789543673221966,0.793579694577509,0.481504063856167,0.248404979751725,0.0902363618571564,-0.128993243927007,-0.366733091185319,-0.317406355636814,-0.351296474346085,-0.182497813904565,-0.309539580975645,-0.132143337972472,-0.167779846216441,0.186687619896446,0.312685987403848,0.522265204360501,0.720688403534493,1.05275540868744,1.26630934347734,1.47097088204099,1.91145259831367,1.92528383571489,1.98228056305644,2.21696362390917,2.11510129194135,2.30984855309404,2.10958453678171,2.16393672518983,2.3403954425862,2.07532991016406,2.22978818831198,2.34945932209586,2.41757536002302,2.36216086746007,2.53245997471765,2.38864517467795,2.64783115688024,2.84006462779317,2.89264997239864,3.17811218331618,3.30598504716708,3.53009785525862,3.55230461850911,3.41529963459467,3.58450525463368,3.60233471056655,3.56642736946955,3.52336132865538,3.43984668938022,3.43641805821783,3.27387556582404,2.94762336374737,2.55729445841325,2.2843865927418,1.83254523845149,1.76603952961601,1.66926666756568,1.4702070726261,1.25918997563372,1.18801989373311,1.21617415603572,0.945508803440269,0.747110756230284,0.876023338786701,1.04070722521841,0.946825091690548,0.936766396840105,0.796772118766888,0.660448761985644,0.775565270697924
-5.11432998722752,-5.49218061386589,-5.88475754933497,-6.27775756111679,-6.5293754070386,-7.02147185092389,-7.36472371805479,-7.39599519754747,-7.37660096887867,-7.33011410337353,-7.23988834395524,-7.45681651475561,-7.18267147876088,-6.87387983154575,-6.85746194247686,-6.51533357984369,-6.18034706762478,-5.83106205926104,-5.62931170204785,-5.14630055267687,-4.76619662996906,-4.68414091140772,-4.3097205702079,-3.83030073857929,-3.73949981574007,-3.26350600756478,-2.97476966028215,-2.91849778670507,-2.97960724821821,-2.92429049502317,-2.69582959911301,-2.37472485194194,-2.39133554726275,-2.22904042749325,-2.03211955188929,-1.89245768613263,-1.71284992888459,-1.7547603701076,-1.46766729902984,-1.24694089823138,-1.20151214737006,-0.833865771673962,-0.508395821008436,-0.284202238115392,-0.200286281506248,0.0938156789799302,0.45178486539043,0.352528171876381,0.585426804689995,0.630710318468649,0.908482051335586,0.934923250775194,1.03104968005366,1.13115469842729,0.935674183457023,1.07068947159326,1.03094159075928,1.03883931730056,0.893494344924668,0.46961212868177,0.0199860133822718,-0.468536313655453,-0.593768103258394,-0.880295342301283,-1.62506415755305,-2.38598978919576,-2.82518392854393,-3.20340082948662,-3.85957081982959,-4.49298886151074
-1.50455921146895,-1.25196116647948,-0.990406407363741,-0.907210500119219,-0.996000224938727,-0.762502355792698,-0.791641936090583,-0.983383951930483,-1.06756447010553,-1.30234110662129,-1.50607020830119,-1.47206681095393,-2.00505840047042,-2.27307442456455,-2.66295385123064,-3.25265646232737,-3.66294966633682,-4.03530883192483,-4.5396435919574,-4.94795499721079,-5.43507332191331,-5.63181091512155,-5.83648310056435,-6.15363899252707,-6.35502679715522,-6.24345036423062,-6.16358139319906,-6.07333238996324,-6.15916250075282,-6.00731424263238,-5.66542410355533,-5.26675229281672,-4.95043171896603,-4.62792378005997,-4.41962267366612,-3.83303117364871,-3.40493256149845,-2.86194361705066,-2.36093347953369,-1.87201944590828,-1.36419773407189,-0.726055906397957,-0.408708655590686,-0.0673756386780586,0.366894277307694,0.790210555782576,0.953869547132319,0.934325503339327,1.19914454485233,1.05277237643805,0.876065505416349,0.851144245908198,0.817191926540483,0.664155820403933,0.156582093823309,-0.384204151765614,-0.667095080034595,-1.0369349421304,-1.11833522099439,-1.42009500631262,-1.64746531925444,-1.66111614713817,-1.63289557951778,-1.86104379688403,-2.16923874779033,-1.93015650703822,-1.85182056777173,-1.70144292351782,-1.80006688481314,-1.48628321471298
-2.91734497664045,-3.38965889136682,-3.83097156452388,-4.04745048094736,-4.17312198103421,-4.22814444995786,-4.46096137296118,-4.37023334528147,-4.43851017608168,-4.19185606079149,-4.13151915822257,-3.86137592305336,-3.67419392797924,-3.12778116687023,-2.79964658322504,-2.46426282815735,-2.12140831811831,-1.71331898056375,-1.6378507804585,-1.57228779630601,-1.54157264279298,-1.21007802053517,-1.1392591370064,-1.08620840092939,-0.981991037427913,-1.07217511790141,-1.01298921213248,-1.19856077518724,-1.41437994810541,-1.43325697002277,-1.49816180989976,-1.4804671384412,-1.64814191320058,-1.81533845648945,-1.78907273835242,-1.68463998398433,-1.64308428035169,-1.87783176010076,-1.76676629680993,-1.57993936107564,-1.6929946401406,-1.35921942976042,-1.1159909454977,-1.04228116740455,-0.744615518139452,-0.542971464417807,-0.434605374288277,-0.132551210645442,0.209445750632764,0.457681630861337,0.437018790397887,0.706865308425727,0.932172155299339,1.14330472071434,1.11571544534765,1.081374425767,1.134666539543,0.889009873033262,0.817348888613132,0.621649842316427,0.369984585371295,-0.00554914987375647,-0.152635321225374,-0.315058189110175,-0.718414554658816,-1.15714992164045,-1.61198511205573,-1.96244442034275,-2.2226379489918,-2.71411219068223
0.195624396542095,-0.0956483010057275,-0.423249508392591,-0.971882127308632,-1.5082616484847,-1.64364507545446,-2.17000147821924,-2.66766032435266,-2.71171634762201,-2.90717977703919,-2.86619123661447,-3.0026997699582,-3.28802523042221,-3.48523660499143,-3.55130316919017,-3.48582537481363,-3.57086394696959,-3.54519087460192,-3.68701759588853,-3.78603313104153,-3.73542165494648,-3.63258202856818,-3.65698070219065,-3.3551439430104,-3.08799367960088,-3.14971218161884,-2.93266260141889,-2.55265444527815,-2.42817823060811,-2.01004162031352,-1.77155173472725,-1.61052690603443,-1.20020029410477,-0.845385809118901,-0.325077845170188,-0.122856549229885,0.33408230400154,0.571946548989688,1.0363361642912,1.50545074048513,1.97947811307039,2.32551500086614,2.8429447081942,3.35103737591621,3.7480579975198,4.32718181574351,4.56785854493831,5.04320410086693,5.48757623904676,5.97003179502913,6.27685067536961,6.56495115039944,6.74236427963434,7.04813031683368,6.96292057297624,6.9256727594282,6.88625071518954,6.74263632531623,6.46572056809032,5.97025476080282,5.69129079124736,5.42415709269138,5.08733992364289,4.40050532867781,3.66982934339451,3.30149283620277,2.5023225274675,2.18841843764949,1.44794345011663,0.83687758154295
2.67488824452812,2.26289024245451,1.78411935940411,1.6530995322025,1.39129722084977,0.925054515322355,0.720113500921717,0.106059935298273,-0.092305680784348,-0.462073314827589,-0.541873705537645,-0.874706994060598,-0.838141959760106,-1.13110996297576,-1.33723500196265,-1.23224465934416,-1.22720788397664,-1.29188729356426,-1.24851789654073,-1.35910161242751,-1.35365041129834,-1.55946863718657,-1.46044568350302,-1.44275287498834,-1.377459979878,-1.55848606940496,-1.35282259092911,-1.45254365657087,-1.22038266738811,-1.24943867566918,-1.06359790868286,-1.1075954262411,-1.1309612887898,-0.876493291376525,-0.863764752532623,-0.57129328096887,-0.61079036021692,-0.239756537461033,-0.251537558199231,-0.329431832369911,-0.422236613559539,-0.184710074689486,-0.0879477294818422,-0.266647624549343,-0.0967990131027974,0.140275566966784,0.14833276259698,0.436209012129167,0.526018358560768,0.910740416467921,1.13228300073149,1.52458325108481,1.75187232682481,1.8546827053479,2.20331656017957,2.74535563946294,3.13701662740346,3.37548870498933,3.35481493302518,3.51677633750575,3.67268195772494,3.9244316594091,4.18300794113663,3.92238728800409,3.65340734655767,3.72448143335232,3.85257694645649,3.56181207161884,3.34800807750676,3.08230515810534
-0.900613422106059,-1.08275128324301,-1.45112792529487,-1.55599956526061,-1.64456825684769,-1.58564116711551,-1.84823376564278,-2.0659126666775,-2.22414307528706,-2.2291144667778,-2.55245120003805,-2.50171571609509,-2.47372878164715,-2.55334121945918,-2.81663647271821,-3.17518624779909,-3.5720369641899,-3.57883415184147,-3.65705065000377,-3.59386802318901,-3.50593294839957,-3.82949332826318,-3.6260555691401,-3.61396223137645,-3.77805306729109,-3.43297331054442,-3.38777473191301,-3.43176005139484,-3.13517049577088,-3.16393265048615,-3.08906512451655,-2.98739178274246,-3.02781071833613,-3.05163588435511,-2.90432688743617,-2.95410260790919,-3.02944943026132,-2.89955230678492,-2.6878541636515,-2.64770996276971,-2.74719282553598,-2.78462004587927,-2.57263061845053,-2.5121488378216,-2.2332563791197,-1.91759728301157,-1.86526955950474,-1.83861041901686,-1.45018998406422,-1.15302973817065,-1.17855840943096,-0.801971745353589,-0.419820980775302,-0.412398824228071,-0.0760670395289253,0.237895344857115,0.427033442892855,0.599705142324698,0.673240486997948,1.00216365625231,0.911699279809453,0.826012935441506,0.675252667794857,0.77723987318033,0.531576381719358,0.445944213474499,0.058078049884487,-0.399904846941712,-0.495559597699241,-0.606512364028037
6.5718645074791,6.55793822713689,6.32069410683472,6.23092848973821,5.93381236506825,5.35024525676284,4.69470431987892,4.21248886817435,3.91016386478147,3.28655202223403,2.57868015332232,2.09790046537449,1.38521889894954,0.703790300565125,-0.122606430768511,-0.580566742757521,-1.23770238019263,-1.74912187246833,-2.11294449783143,-2.44049983119714,-3.0537394345603,-3.4373553128395,-3.47484060613331,-3.84266652401431,-3.67364620552194,-3.93381700709757,-3.96622396506119,-3.81502229370964,-3.65709201319593,-3.45303264681361,-3.45567525636154,-3.2574754176251,-3.22319074462858,-3.24274420936434,-2.90420494931034,-2.78132837761032,-2.5897978062858,-2.66466898113789,-2.3443130980946,-2.25303790023012,-2.29165058220163,-2.29916184618248,-2.06447863804199,-1.84570000116573,-1.93074514581907,-1.81625553334021,-1.68399688439731,-1.60880331575848,-1.33825726967764,-1.11273570218295,-0.668926833665692,-0.688165264406258,-0.241572432766761,0.183296663250184,0.780930039583066,1.12556006963697,1.62316054632404,2.32392663506419,2.96261401723186,3.55072582559233,3.88604185942761,4.52908514412117,5.26561602993449,5.44521178980309,5.98832906620771,6.28609427622573,6.73684596888716,6.69889976012568,6.86246270959216,6.7088943948615
6.02236557947926,5.92649551536022,5.78844502449871,5.57083875872771,5.31873189517806,5.32870343253979,5.04827788210831,4.86382475768884,4.67386054578889,4.22431619051194,3.91283689017333,4.00307344508758,4.06849661355033,3.89425238671143,3.90868884785667,3.72852844744174,4.13189079291322,4.10117082660114,4.27626864582058,4.32765079551689,4.8262608691918,5.11727004215133,5.41051401293702,5.48947031005624,5.54080450232568,5.72441136228906,5.81799250008533,6.16087743608241,6.06535919839897,5.89093839244882,5.76890523497664,5.73037082963067,5.71405014292138,5.66028347240703,5.5966336321602,5.6574807762681,5.37163165901267,5.13176515379441,4.92408733657234,4.77674957222117,4.84618290225209,4.68116049014689,4.51961105516452,4.34601498229202,4.0981019696269,4.1917369863043,4.07157797920933,4.25173151956588,3.98936035799536,3.84347237429827,3.7102942788552,3.61971291023814,3.57067498860965,3.51260478335495,3.73310594047538,3.80938324518376,4.10383764644831,3.98694274531677,4.20267025201579,4.41371362594776,4.43347924609239,4.67169522140559,4.94771006222069,4.96346849469642,5.45431286649643,5.54416296556243,5.51550652849345,5.68430779150366,5.89772987080866,6.16896577602475
0.583642927588923,0.703960239114652,1.29990600536693,1.79387828923417,2.25111385226966,2.63299750943025,2.66902575335009,3.15426700731422,3.44828221562652,3.705122986267,3.55561347786689,3.42782637856615,3.19817949831198,3.22906278234517,2.99255967812136,2.49970247453955,2.1520538307503,1.56733363095016,0.873027283081488,0.444240588841777,0.0862194094693984,-0.384518567618056,-1.07708650018537,-1.30256050100589,-1.47971854968717,-1.76811765358412,-1.99135087538218,-2.37610922666642,-2.43801104927577,-2.37993655305462,-2.36438338888646,-2.33987084967786,-2.23364840810413,-2.24923164472417,-2.35620045101125,-2.56077263300272,-2.50585015736202,-2.59091547566183,-2.81155693550677,-3.04037139719069,-3.18171956643466,-3.29001136807304,-3.24554279392233,-3.34404678290322,-3.60156059416508,-3.69524966577876,-3.72269527392288,-3.89064036682012,-3.74069251756407,-3.62328696613058,-3.45600472330153,-3.40571797378971,-3.18085846996521,-3.1565311253077,-3.03270884978575,-2.92160315183014,-2.61454127534161,-2.50051676481903,-2.46173520617967,-2.48060358499362,-2.16291348936873,-1.79561277793959,-1.87390652124214,-1.83939089437471,-1.53501385010601,-1.15214454645185,-0.853230049785379,-0.428419071290477,-0.39223435601907,0.0948401307299747
-3.5478027436482,-3.9397026997719,-4.05255451950526,-4.0491577883268,-3.94796484522715,-4.17534621956136,-4.10144779834455,-3.98833745511952,-3.93224221184135,-3.92417913906419,-3.54775387782293,-3.13558165995847,-3.13028065793521,-2.81785712072604,-2.32610983656122,-1.77505389350309,-1.21316543128851,-0.941941538647203,-0.349921764369125,-0.141811874401317,0.0704498657489984,0.346545655593841,0.418579454782333,0.874297971678223,1.05084325054607,1.08135565099542,1.25323721704227,1.4249055133691,1.48215864418765,1.17975753275723,0.887543374113533,0.763762783497714,0.676728705353046,0.593319992094608,0.538209851651891,0.383719807749217,0.0437068734435138,-0.0544134259546445,-0.449141946129805,-0.817381497732572,-1.14676621404073,-1.45481920565653,-1.76616594084525,-1.8682561226398,-2.43876179834224,-2.55372553140972,-2.77907496623297,-3.08841735936008,-3.45144106052658,-3.45749747221296,-3.36852259785069,-3.60033821199166,-3.41874326942677,-3.52144940841168,-3.37761735309675,-3.12057891305793,-3.03746513306895,-2.62186052342742,-2.52515802024142,-2.52512448340408,-2.50913125156289,-2.56528680905764,-2.40399412951981,-2.33434380862383,-2.47606793543416,-2.6466753933531,-2.75330491760053,-2.94196129016413,-3.03355156913895,-3.19192649478511
-3.36769239882206,-3.34756916198867,-3.42405048786701,-3.4181458933945,-3.48245407064223,-3.3840323916206,-3.4520334421409,-3.10088967018731,-3.20053620699796,-3.17024010047081,-2.82825515214253,-2.56994194835417,-2.21063607432218,-2.25836788108021,-1.99307848148698,-1.84738715761584,-1.42035927389998,-0.847558278945811,-0.376826688724074,-0.198884664511451,0.256866743154907,0.527409061550225,1.04240318985317,1.58830789325673,1.72405066730328,1.91978153761101,2.10062429293141,2.51677670244631,2.85598531423423,2.7365314237512,2.80521677595103,2.78341722465266,2.6911546517883,2.70123111647292,2.6271278992338,2.282394247562,2.41167946477349,2.40408415868475,2.23354392039283,2.27616474534416,2.43358914834378,2.57459273249261,2.51722105052277,2.5409384168067,2.90546873091864,3.08855880944211,3.06462623940076,3.06767246504692,3.18249349747995,3.36191078068105,3.36324863170468,3.43271704013004,3.43944212173033,3.18395835566543,2.8247764770336,2.42151504947911,2.14323585313137,1.67157245966529,1.17457631704814,1.00425122070378,0.503340738424469,-0.199416901841309,-0.647465032984267,-1.24232631576153,-1.83066125744472,-1.99487935222586,-2.30731087502276,-2.85530416771189,-3.00335915685255,-3.19811718364547
0.633103886150262,1.22555597243889,1.73046891791081,1.94540018559875,2.25793088435947,2.56515147645321,2.84953428283992,3.14148844232667,3.13857082878521,3.18510741024247,3.22111287444656,3.1673389504187,3.0294206608845,3.07716710964013,2.98433356560711,2.83761304182463,2.79114125210786,2.39109040218414,2.06126173692243,1.70903945167313,1.38402546048474,1.07235803585489,0.499933733028937,-0.000862605880649271,-0.638733570874805,-1.02929692778037,-1.83243416605723,-2.44805575162854,-2.9580845419703,-3.32211082862725,-3.83540425645128,-4.22265299551238,-4.37086745822257,-4.56476683204136,-4.8634250946356,-4.80111635069714,-4.60592672646967,-4.38923372272003,-4.13278498870767,-4.07568746187089,-3.79409409558641,-3.51186731648455,-3.34381194128584,-3.04209784211188,-2.99896210430693,-2.78668423115314,-2.6040084077014,-2.32340159609126,-2.09421435386399,-2.25082523351695,-2.06953853474319,-2.06067225057277,-2.18563162698457,-2.30048759095734,-2.49905318965434,-2.73320832081688,-2.55488153788534,-2.60913118269326,-2.76097704607618,-2.65663592943512,-2.68813699773683,-2.76475538150911,-2.51975958572672,-2.33847568644088,-2.02045289796418,-1.78894253364064,-1.38864913699601,-0.891423099322314,-0.416941937564864,-0.0108847238898455
3.04845631509188,2.71906389555277,2.30344186156189,1.81169495348488,1.36156876093611,1.12184732885201,0.535977353071467,-0.0395859941089727,-0.233284242636139,-0.500204880496497,-1.0022377205766,-1.65968557535487,-1.86121044159486,-2.18487675915455,-2.40063143979819,-2.635407076832,-2.79044622555448,-2.96902703667275,-2.96494289661812,-3.16514938667797,-3.24744059943628,-3.37182987068087,-3.38068414572811,-3.12323579802567,-3.31833114599246,-3.27003134104969,-3.03803246846039,-2.7648905938858,-2.61277350322064,-2.6251552106522,-2.52964857307321,-2.43100019306869,-2.02295377876833,-1.64767092517761,-1.55939717735549,-1.06473175892783,-0.78343405939632,-0.522099049754861,-0.130820148776353,0.42944729574381,0.678832270320763,1.21088614720449,1.46993425012862,1.69292480008229,2.35290019510395,2.90734168634755,3.03303730288131,3.35898853576287,3.87221494019177,4.04105036507234,4.48563012731809,4.87184938604956,5.00241169144584,5.05081669845005,5.38191239731031,5.41940410975042,5.54615690066486,5.78630641684311,5.5423706314958,5.68780718421062,5.49448640124225,5.19798017905211,5.11059637542973,4.77747519349326,4.74193434382902,4.49778349111892,4.2654280994649,3.83095152221949,3.47228848857217,3.28141187766583
-2.9103285201981,-3.1528621680549,-3.41090693698197,-3.63120016553134,-3.59936613372143,-3.96329915333897,-4.11557336017626,-4.52427152518852,-4.7188272754399,-4.81642021989664,-4.88192378786366,-5.12846810428606,-5.43130238963669,-5.50207856723676,-5.39057952087625,-5.48733698742987,-5.43053079167109,-5.61312115498839,-5.34586876519384,-5.21646544844433,-5.06927993304096,-5.01468560404767,-4.72941280569106,-4.34363611560754,-4.08780472560145,-3.75702759610275,-3.74334998730579,-3.32810353493487,-3.32716677484981,-3.1762133961952,-2.81029374320561,-2.70190260327393,-2.48978373139993,-2.14632891075499,-2.34171234380218,-2.27643211534544,-2.04443709682477,-2.14775608653973,-2.0775246532648,-2.05219553715485,-1.95066611731247,-1.75654036326573,-1.55814469023932,-1.30310581674798,-1.06872134495596,-0.923861727666428,-0.727702977898126,-0.582104774676819,-0.509235108328012,-0.235196160112712,-0.181337735911598,-0.0857195660017766,-0.0417176658570859,-0.152229386497629,-0.277835987929724,-0.529063176072214,-0.58266098783679,-0.661420323992903,-0.927820212289986,-0.997551546198727,-1.48991739546632,-1.92881136744391,-2.12183594465812,-2.10384906915391,-2.16477848455212,-2.34151987818754,-2.58864739272651,-2.76704127947543,-2.96676096854747,-2.90792563606805
5.77235515318951,6.476601045691,7.08373978468826,7.33116841828609,7.62424479351934,7.84069182976765,8.14210879994769,8.51323240427847,8.64651638813426,8.6320442909533,8.44061551826114,8.09181945709065,7.68530634385308,7.30095796663484,6.77523424109493,6.28426644803059,5.78950969464644,5.22903360425819,4.39613649446906,3.66666937654607,2.91010316283831,2.53913768737057,2.03815552784969,1.66022839918696,1.36659460228521,0.988249864359764,0.593537359941888,0.402980238074844,0.223938044053109,-0.0343172975710536,-0.237417275200619,-0.427062117451478,-0.652251500949111,-0.762969170908596,-0.596819691883885,-0.557674981399743,-0.890112298478504,-0.782848120237012,-0.620018862705034,-0.567261290102517,-0.542107012468981,-0.293699925204816,-0.101532348325622,0.233692620142282,0.502297528264769,0.653540829450971,1.10795931268003,1.45303703421577,1.52969945606159,1.62828717743555,1.67910162534686,1.88102035048467,2.07886670945381,2.24299510798635,2.36659975999847,2.36296364416176,2.21187936958899,2.09864530332355,1.97253968506916,2.27779058981441,2.42352989428501,2.68170174061954,2.84204743197643,3.04616282180981,3.02034176874791,3.47327270148067,3.92670364836854,4.43304240805135,4.71237328789005,5.35106965164217
-2.68532971243605,-2.55524428676683,-2.74331533107733,-2.52857369052271,-2.74240891227336,-2.78372976428578,-2.60245108222582,-2.8310881019139,-2.85383910428403,-3.05023482881168,-3.25155745607514,-3.50393564222964,-3.50796593912284,-3.78512587813521,-4.23805879419466,-4.25341687804428,-4.32461625026524,-4.64218190537685,-4.62636606875381,-4.72313352213866,-5.06429349241222,-5.06069092972459,-5.31396859448279,-5.1650324655087,-4.96244719288965,-4.78189396649191,-4.63948793453522,-4.44599803675302,-4.15881651492435,-4.21870766261587,-4.0649031135615,-3.57065142387969,-3.43345771179601,-3.12176091112914,-2.76042677890813,-2.55524963322522,-2.35799450090515,-2.39044478742966,-2.14609138731526,-1.99523956898144,-1.86886713156526,-1.83868935902815,-1.84786289960248,-1.96899378328496,-1.86994429186055,-2.1405318002471,-2.3100657455622,-2.66331599608876,-2.90098504429047,-2.93448571080157,-3.31117088995062,-3.40203838188572,-3.79466524502697,-3.85792488271857,-3.96309508652261,-3.90917284336526,-4.1701632214627,-4.31860434079546,-4.48837060378795,-4.32924879103601,-4.09006821261741,-3.95162335365811,-3.85179522800267,-3.68199913954083,-3.70712480513538,-3.3783503502549,-3.27577410561689,-3.42975627007308,-3.22661783753868,-2.9360075877003
3.71779596334808,3.52168908808603,3.29730677490986,3.44761202689168,3.52279897262515,3.33664671713925,3.51071084485864,3.25172007787247,3.10482381051724,2.95598610915691,2.73761774196796,2.4532014600894,2.15996940057569,1.89100916763401,1.44997214178843,1.36012495900676,1.11818852274034,0.631439608746749,0.467106567001705,0.322545872658545,0.0217834692211812,-0.330338365476462,-0.350394866731804,-0.376071080630008,-0.440903810960938,-0.247256717886066,0.00381077787336669,0.159634412882639,0.342904428173979,0.655614972399511,0.973089647578358,1.55183208793343,2.00915765937165,2.32729606412261,2.56218980622669,2.93466362277339,3.60321627611559,4.15667355886018,4.27219993560745,4.48769151888451,4.76866138418766,4.92469688306862,4.86864869510784,5.11760333991108,5.06955031455676,4.98658288532907,4.76605377067372,4.40928907532046,4.40454758948855,4.11684573376958,4.02752923809916,3.75970990523084,3.41463194719619,3.34537993512181,3.27432492498738,3.27049605163715,3.39915670394791,3.24044218124063,3.25339179930318,3.11425780072947,3.38225486709358,3.41255589125823,3.408089867003,3.47861188765298,3.63169996633769,3.45650116603028,3.71238510895508,3.64926414416236,3.80590339394786,3.63063819018023
1.28215065056315,1.22454886451132,1.26770000474305,1.29206602592431,1.34355660013225,1.36705810622833,1.36498205244441,1.42475765454094,1.43336623059583,1.40315537613147,1.36313804417736,1.29299963523146,1.18415704753676,1.03133028885765,0.85585117261079,0.653665306472779,0.40177666823235,0.175607902277061,-0.081904228187416,-0.280741668546854,-0.466378326959432,-0.696610052712963,-0.87106876176839,-1.00134840622021,-1.13163683076001,-1.23958758615179,-1.32449868507378,-1.41330192063561,-1.49073936729011,-1.55241639285685,-1.6058617637093,-1.63953701932267,-1.67312577107717,-1.69119601646548,-1.65981775969702,-1.59682230840896,-1.49020157651741,-1.36835394394322,-1.25466798567936,-1.04337797021724,-0.807316286893516,-0.52872446994768,-0.254837859689535,0.0957735730201224,0.467496287036755,0.796884706420362,1.18399905423725,1.48869117984231,1.79952369418686,2.0819610794425,2.27867905974012,2.43511569897195,2.52760697489731,2.57035099172641,2.58016377714605,2.53174952632848,2.41293784619102,2.32768862098038,2.20307607898125,2.04189235241282,1.94309239198209,1.83042383359356,1.69946528412578,1.62851754449287,1.50975036571666,1.46136758261644,1.36397840372008,1.32413333554235,1.30408397333297,1.29917928545581
-0.286910006774245,-0.184870282620401,-0.0859163270372672,0.0102727638025604,0.148341400434045,0.241075005892634,0.307176503444482,0.371084667060977,0.403540154531765,0.401479475440319,0.423549391256423,0.39468631516325,0.37260970827589,0.364463895185973,0.377610950067729,0.435392578087478,0.489305289078571,0.556737732520345,0.646990518437281,0.789074580913578,0.900839879532291,1.06984611566492,1.19138543518373,1.35779810129811,1.47013995715559,1.56589659085835,1.67745129619136,1.73154994556127,1.80526999116609,1.81198858386611,1.79727125860838,1.73756391438282,1.64903377201469,1.53007597656629,1.38106864921193,1.18743712587735,1.04303172180696,0.839036248398987,0.626689875698585,0.438065965495027,0.245808331775355,0.126278491312494,0.00616795045234468,-0.0877896916436443,-0.12232016918567,-0.112937564244595,-0.0986404808323171,-0.0613319082229698,-0.0164509034035157,0.0145476752940921,0.0733040812508826,0.0932967829866376,0.130360821415657,0.169469207013342,0.150844421826812,0.133838545842494,0.0797301013500894,0.0712297737701172,0.0195914118437019,0.0160875118541053,-0.0292426517703942,-0.0952970770810013,-0.150053364616188,-0.202306890083231,-0.272737042012091,-0.307480879136354,-0.321475701564887,-0.379461137205535,-0.360013584364806,-0.324128752778663
3.11831135420648,3.01497790011893,3.30166178539685,3.37266247736627,3.07913609231448,3.09530997022292,3.1218968722009,3.0306736779773,2.89742007410849,2.82441220006344,2.83210026305278,2.6953443626027,2.92709833995232,3.08702852713035,3.04517806618876,3.03695457511437,3.10399022015222,3.35983230181585,3.6516150351241,3.66382520667039,3.62235662326669,3.85587816460968,3.84913294483242,4.05399992103703,4.07271113918465,4.15244063409737,4.09752420482255,4.00202648013949,4.02618774324106,3.97377716224567,3.79017671267648,3.53525940924619,3.18242904802143,3.06246646571434,2.83727093152355,2.3298810238888,1.77717871374516,1.16605539368317,0.594494639264285,-0.0735544963965607,-0.677349670743765,-1.00809192993462,-1.7465949852966,-2.31504239491827,-2.73940970537284,-3.06094515554966,-3.61022837900974,-4.07267285947113,-4.22480338283524,-4.56182853053654,-4.48553375120324,-4.25725403450482,-4.12601323992887,-4.14864064347317,-3.66858478985339,-3.237444644329,-3.00062061344209,-2.31438610706757,-1.72821136642437,-1.1913225511669,-0.841402544283452,-0.177733497866265,0.39812432964573,0.849964556177282,1.4672007925881,2.14211054464798,2.37402816820343,2.66471788352145,2.81715032984623,2.92275420879837
0.430156885455431,0.221656425604522,-0.010944518687308,-0.159948312657748,-0.660780716772765,-0.981898814237729,-1.25465496784702,-1.48474416265422,-1.46723830242482,-1.87677360997869,-2.20189663907094,-2.41430975066587,-2.82532118332368,-3.13279421848116,-3.22986532504925,-3.69924363175096,-3.7249986293961,-3.84087939278731,-4.31662702182823,-4.44475285033459,-4.65148405085912,-4.65034757766365,-4.94958259203382,-4.83150402814163,-4.6122536934228,-4.36457844266809,-4.42067500627222,-3.98275385861807,-3.93546617162567,-3.66230683419378,-3.10067918020495,-2.93064911125478,-2.5027607199934,-2.42083073950456,-2.20994564678136,-1.7554289368224,-1.33408857778079,-1.29177476240081,-1.27618039711722,-0.932561484721641,-0.823082071572937,-0.512158084897783,-0.377756251008643,-0.290632106794982,-0.0248342538207376,-0.0451950152724414,0.134361252933401,0.280194703610792,0.627125730232096,0.986016276849173,1.22917392938344,1.23462300678303,1.36386960868646,1.6836998054328,1.80247964333983,1.90000841990489,2.14017228453992,2.25658957017135,2.33104812519772,2.28022259722673,2.44363035179794,2.33629626987576,2.42619938155931,2.26440164452023,2.10266691023135,1.88560434245729,1.5460526885684,1.30827088655832,1.23561260842829,1.00098395363606
3.13612093117449,3.06756509548897,3.15633451851902,3.21846118120144,3.07697993580135,2.78616633499738,2.3528180221927,2.35867189413703,1.92911651121656,1.58225509496137,1.53281610840086,1.22705915906991,0.820162550964428,0.639928723367165,0.409297515526219,0.066624471028816,-0.10757396515188,-0.486183253760835,-0.638146221099551,-0.84994969878911,-1.19913774572296,-1.25018528646364,-1.71327472613419,-2.00372846140276,-2.26120131241721,-2.43811359777118,-2.7276729084109,-3.14739154311656,-3.42867163895829,-3.83868199598448,-4.07256895616905,-4.23614866610943,-4.6389490954545,-4.89863377962354,-5.31888934817365,-5.47680248576242,-5.38838025307905,-5.66209748662824,-5.88499845639678,-5.66879930041198,-5.60420653010227,-5.49070199063553,-5.14857272947636,-5.1928219019741,-4.96024510379367,-4.6083795062143,-4.27041000328293,-3.95664179697391,-3.58604544570759,-3.08689408554275,-2.85740325898446,-2.34580238535389,-2.10002908718992,-1.68290244279575,-1.24177370686586,-0.720615888918388,-0.217875080468717,0.0758075782076487,0.446844242358144,1.04097988397089,1.1721948855721,1.4687131755221,1.94818859697341,2.432084700948,2.65741010730824,2.74278833480055,3.08803929085213,3.27910928781897,3.2025020933905,3.29195669699719
1.08480515337009,0.694387161457263,0.259629032523126,-0.224921208972851,-0.638656273314968,-1.35023893162822,-1.70960423559382,-2.29876173216984,-2.67942734692178,-2.87139079367994,-3.35645435886505,-3.55567081982291,-3.64950687120886,-3.76409346891053,-4.17033105261189,-4.53914774168861,-4.76614954257182,-4.77520448377497,-5.00379925316781,-5.41644357625716,-5.45332761711104,-5.68125954341821,-5.67472254367783,-5.73109765348002,-5.70791612210033,-5.75474191344516,-5.61136734528484,-5.3036645018381,-5.00864181252664,-4.75091019989918,-4.63548820347552,-4.26636272694759,-3.71580563151442,-3.45780987067934,-3.32448017569458,-3.27148654077055,-3.29190719747951,-3.20193889907053,-3.34464930000733,-3.65395711254379,-3.96430666838663,-4.3056379141743,-4.56134453279147,-5.08634920868813,-5.27138909140985,-5.4194685380225,-5.52281417534384,-5.86476323728774,-5.69704105399507,-5.41820533903068,-5.24088449642193,-4.74939436912615,-4.16160793034019,-3.55000639656939,-2.83686014687106,-2.10375413804149,-1.41221477539424,-0.658229097703976,0.111455075497546,0.593788222679575,0.943624241569553,1.60121187695488,2.17235905766571,2.42689426528714,2.77344721260632,2.5600690773638,2.40441430714903,2.22252457181264,1.77655364865534,1.51780945172929
-2.26169704125447,-2.16831010191952,-1.91327008368495,-1.66204084504032,-1.47125497863884,-1.06624075004012,-0.557879561361198,-0.0372217789835138,0.176437764429246,0.79543973265141,1.11758029064313,1.27496433703604,1.33543000812066,1.72366054675199,1.75730775068039,1.61173640631262,1.63457619352059,1.56852248503925,1.12353661312123,0.693458238683934,0.600931611515532,0.0293346063533483,-0.597898571922653,-0.794774142427682,-1.34568404857969,-1.54207653249572,-1.81520005817952,-1.9663239297325,-2.11535904487332,-2.40878550587715,-2.6053139357358,-2.59507683046494,-2.42554082235081,-2.11275003144218,-2.11077852407761,-2.17697088327731,-1.72875380309708,-1.46427943370912,-1.0914646272609,-0.653457458220623,-0.319963163024128,-0.0442463972590125,0.443591660995334,0.890472399338598,1.38453850403559,1.66521940567906,1.86001845811988,2.29262360694809,2.55302722496756,2.69975215697885,2.91023584316629,2.80156331695162,2.78637053594831,2.80424755450614,2.70810022792799,2.27624557973615,1.90579025109253,1.45764066750925,0.966099792023988,0.61983955668137,0.407514700204908,-0.203436613920457,-0.853043728880593,-1.07553860498548,-1.36162261420961,-1.63847448086798,-2.1804824502256,-2.32918476478867,-2.31802908573709,-2.39302891976539
-0.513394531357596,-0.534969093065708,-0.52103001258988,-0.519324572995667,-0.535238380601505,-0.524688455859957,-0.475931341578056,-0.398664300701559,-0.329836468864422,-0.269439483136161,-0.148669629610071,-0.0714085761079354,0.0148819843889187,0.121605981033307,0.157798886202055,0.165801459460319,0.14818974055523,0.141014785485,0.0886861662374179,-0.0368945199862749,-0.133113872532377,-0.28879523285332,-0.389375321900538,-0.562333928707497,-0.66363627865799,-0.812002943126846,-0.889778820794018,-0.968439840664884,-1.02090904755079,-1.039157039925,-1.07399271795076,-1.07315406922984,-1.0211990071668,-0.98318050708504,-0.927421395876044,-0.849553523444208,-0.769690890187913,-0.646560113770966,-0.546202523841989,-0.391709533997554,-0.278782848720019,-0.146170629466709,-0.00878948466224066,0.133911555842562,0.202158155534832,0.248976355495916,0.279639378866131,0.293716701543808,0.279613902919451,0.225873269405889,0.143770756924249,0.0833605716924957,0.0231355734410733,-0.0953982277016456,-0.201049636301945,-0.324529487716286,-0.398272569138783,-0.518257613702445,-0.568553559534696,-0.650537305714458,-0.711560627954047,-0.754903990436407,-0.777783742740241,-0.763742831904411,-0.730941055606715,-0.678287385401662,-0.650331191062869,-0.621266677474705,-0.591088084019389,-0.53605231686667
0.637889934828616,0.581412168727997,0.556417523130498,0.452396413628377,0.3773149996184,0.32938988154317,0.266691406165464,0.22652965591079,0.179620667493263,0.179046148236556,0.139806196014238,0.134858040886626,0.150002994066064,0.147096410536848,0.110656266681091,0.120608336110023,0.132092818369395,0.0710543268730759,0.0693608453417426,0.0382945510974422,0.0138853852654561,0.00944084729427002,0.00457844781720256,-0.0416883364051887,-0.0372448499647362,-0.0250053028442415,-0.0661618934905299,-0.0754127797896749,-0.0915449449680435,-0.142413970847113,-0.201415486449093,-0.273914605886827,-0.316858436316581,-0.436812698760059,-0.529357907819638,-0.676157525704378,-0.794382029004906,-0.953508579552312,-1.09547016097295,-1.267940068502,-1.35668204359082,-1.44873904974891,-1.53529534136094,-1.57316175478621,-1.61202555898072,-1.57609086319244,-1.50556667754143,-1.40024717766865,-1.30877715542445,-1.18581397977263,-1.07558151003067,-0.891271353621707,-0.736039304867903,-0.555809462638729,-0.374520074368753,-0.251461639144899,-0.0486058497525471,0.114710374697735,0.242336195352936,0.436268034973798,0.520687473639831,0.650492355140166,0.689321351980394,0.770365844385349,0.783902647473864,0.781590605183792,0.779845204378678,0.778607474933689,0.733673106814892,0.708914380699091
-0.35549677333407,-0.459730648771195,-0.598620410765366,-0.728043904063198,-0.834692278195678,-0.900886231753912,-0.944388731838598,-0.988531943130839,-1.02636154551227,-0.988995134001361,-0.978171467137019,-0.933792295925515,-0.87075789176182,-0.76429205024602,-0.647531654815851,-0.533710910202246,-0.436162719925949,-0.311308717956172,-0.188098545944142,-0.0130095914947536,0.115408881375488,0.256112257030876,0.35002450017883,0.460705851299856,0.555569880017348,0.633793652470846,0.684536793336268,0.691001574545266,0.682801602860541,0.678954221262695,0.690591127034044,0.676857605665827,0.630897207324583,0.578440030729619,0.537342788692672,0.572382467044795,0.595309774794909,0.566898936164623,0.606467217333075,0.65340183250822,0.738269558574936,0.815969576943429,0.897631347292087,1.02012124782217,1.1422343694897,1.29244968860601,1.43350785076362,1.60796673902152,1.71480464332703,1.81145335610655,1.95052963059416,1.99490990730363,2.00014806103797,1.98082839415547,1.96290530403568,1.91160724542536,1.77707591168815,1.61637675372731,1.50409981508684,1.3944445311373,1.20235071709486,1.0413670689605,0.856489608818299,0.723210954237865,0.571617806904095,0.399615290840414,0.259214501017097,0.0756555454674878,-0.0706770165377994,-0.221952543207693
-0.7161299434634,-0.632979851453426,-0.53670617563032,-0.414289407775257,-0.358698650478518,-0.252575398045036,-0.169024668511081,-0.155320565136633,-0.0794228499869171,-0.00529824535302742,0.0804814879599208,0.104560555524956,0.212070486650257,0.304541837886307,0.392114673695284,0.480548808175647,0.582215033455216,0.635284922854238,0.683844092801637,0.765529260014437,0.82302881176632,0.861001194800013,0.866213957637054,0.875984585108638,0.920161005504103,0.975950427584321,0.988986529993237,0.991026190777058,1.01101178992283,1.02266471154249,1.01213688318429,0.975989406870582,0.905856465661215,0.858924489099867,0.797724987715559,0.683483124366502,0.540709185020892,0.421708778432294,0.276052322609124,0.118959707407721,-0.00717127048852341,-0.141311341147296,-0.331133898508262,-0.465386162588606,-0.62761898646087,-0.780582350424482,-0.894580675001251,-0.974573116522554,-1.0979537088106,-1.18315768012266,-1.26897462978981,-1.3013990324834,-1.32038810909572,-1.32296989816637,-1.30284846774627,-1.28019223654771,-1.20770767189629,-1.17344738651942,-1.13018905120723,-1.0571583329533,-1.03858541009094,-0.979525146129935,-0.967155736167245,-0.972390426438747,-0.969190669779244,-0.950426810852862,-0.936531216532416,-0.901631515026538,-0.840550672600052,-0.793659402139316
-7.54113803293126,-7.7255885068563,-7.9301372069456,-8.07916260660683,-8.4114993906626,-8.60465356803533,-8.75482260070752,-8.94073476125998,-9.1148574207911,-9.02097459609088,-9.26631992579069,-9.1473258163115,-9.00874719243473,-8.77532051723792,-8.93547467240577,-8.57786692599555,-8.31308065390026,-7.93358393852701,-7.66270636233007,-7.00857097667275,-6.37817222760026,-6.0638807197011,-5.31766570655964,-4.63554995468212,-3.92159321463522,-3.34039044305856,-2.756230681065,-2.39774631849794,-1.68745375733935,-0.996331236997687,-0.805337263202422,-0.227055884506392,0.330741740604647,0.672958401901446,1.12857241739632,1.46422751466529,1.71780329140541,2.12251497263544,2.15068856953938,2.21309465511051,2.40803460441557,2.43856519716685,2.44153310587675,2.1032567807179,1.98012731295689,1.84287421468258,1.6437425875034,1.03277856770354,0.733015726440944,0.322126913750828,-0.285903124656109,-0.805513647668213,-1.37011170596216,-1.99134832813627,-2.49672438038565,-2.95016358880952,-3.33398225927171,-3.94105435568128,-4.24772480628258,-4.47458277933531,-4.97757923860476,-5.32507943794063,-5.64484717177848,-6.00304519685531,-6.32838870564316,-6.433016882276,-6.66854750532397,-6.95315913599238,-7.44215764110685,-7.53714205966324
-0.748099953384045,-0.696305450775597,-0.671592907249629,-0.564910141834184,-0.787633026902441,-1.0590608718256,-1.1764078223422,-1.20879121468471,-1.14372869276617,-1.37161177923749,-1.42477735789115,-1.55625377984836,-1.78129441533265,-1.95776450438713,-2.36849997558891,-2.66703038328767,-2.92987730796685,-3.33403343479096,-3.63195187990311,-3.69438415640846,-4.12530908790682,-4.20338341464148,-4.09119917468797,-4.11396622375867,-4.25265669754126,-3.99567111124826,-3.69723406805313,-3.44659890648717,-3.06252906446336,-2.39510896564378,-1.72983339968063,-0.924703857456771,-0.275833194517781,0.156351173124978,0.615139143329819,1.46991251609292,1.92621927583686,2.38316924765808,2.97130127070175,3.2073078404982,3.49246842015087,3.80013241892232,4.16008599627611,4.15903810959068,4.42152559045255,4.49315175371867,4.60123604807901,4.87187278451718,5.01597498700297,4.91817430705608,4.98581259692626,4.9414422855442,5.0230479741982,4.93235630765547,4.99314178292598,4.63212044815527,4.28719301826754,3.8919332863438,3.67726476917782,3.27637199990505,2.8351662916893,2.28306488485754,1.87770309941426,1.6008732398822,1.25065340169964,0.842470314917757,0.345468819829312,0.141824828963107,-0.292505367446466,-0.495314957718285
5.41383496926879,5.43858471129195,5.81758594976635,5.87522272678199,6.06614394249859,6.28273401202036,6.58289021518857,6.84857028211963,6.73783333292797,6.82052998058912,6.84094314841962,6.63929108459294,6.68351777588004,6.39490282157118,6.00762565667542,5.51063670076571,4.99914742613632,4.39857817813675,3.55475420378626,2.80323988629951,2.30218490667746,1.56748304223716,1.00526461914095,0.151482663016591,-0.750850504355483,-1.43979330372716,-2.05890970366551,-2.47149213781989,-2.81807354104613,-3.3358269571411,-3.8534944762446,-4.27434234401334,-4.55248851856364,-4.64481517799782,-4.9047498953217,-4.91378443384077,-4.96677142648809,-4.95570246343494,-4.88846380670102,-4.95761477078072,-4.73707776908916,-4.24580122016812,-3.77741076850144,-3.60349623861223,-3.26186774684985,-2.58845985820488,-2.22315589055976,-1.80328884084476,-1.3239180534625,-0.722223489204262,-0.409530050934844,0.0567771387171781,0.293982076556909,0.855267434418726,1.24182048064592,1.79070833118161,1.98685750906522,2.19653962339583,2.61593547227879,2.75835985568014,3.23049492060937,3.44200803272935,3.54534148357662,3.67398798891061,4.11179058048282,4.34202152098249,4.54240134952491,4.91603828367802,4.88988154580906,5.03865268602219
-3.4868631136974,-3.36932593202822,-3.50575386865581,-3.39550218886284,-3.18245933968812,-2.92226367604029,-2.46157124024591,-2.01749471016528,-1.70225042959031,-1.13424746750996,-0.563923616047369,-0.0749349869992122,0.308907141908783,0.599711662042484,1.21667619294162,1.44952624638603,1.70923992059583,2.11140254563097,2.14860480549638,2.11846572500583,2.17618588825415,1.89428131666386,1.45050886308289,1.35065624611065,1.084200826388,0.497328385705069,-0.20481424825229,-0.617908996482815,-1.27980763259511,-1.82381185610595,-2.4618511374029,-2.82646536359372,-3.33759969529009,-3.85162872836764,-4.40406382894286,-4.71751960984942,-4.89903957465192,-5.31750457457559,-5.43994576089432,-5.79600888461653,-5.71122799707033,-5.63253946864503,-5.49985268182352,-5.26936228750154,-5.32244124041941,-5.03655566886624,-4.95375533165724,-4.50766504622135,-4.1618971236625,-4.12327126259171,-3.55979705761465,-3.14909425312693,-2.94324043234014,-2.54791318812868,-2.25327254777943,-2.10437379318416,-2.06510174060936,-2.05144045283777,-1.87439487660575,-1.96659408348281,-1.93177678993658,-2.21546001269817,-2.15115223524251,-2.24677685729591,-2.55038654134494,-2.8844915401425,-3.20480442715452,-3.3710512247517,-3.45866413605315,-3.58215381915658
-0.682206661742194,-0.70730619527464,-0.943377421821933,-1.10396098608212,-1.19557174980209,-1.23963150493677,-1.14185369898203,-1.04141178367671,-1.30626200568848,-1.16443519151436,-0.893647928260681,-1.0758955556849,-0.746308782319316,-0.871411666976286,-0.564994792106863,-0.599884844788334,-0.765266942463231,-0.528591372462732,-0.401396147468628,-0.617796902582533,-0.767972845802294,-0.741364860845952,-1.01504894699224,-1.18810170742399,-1.5831828470671,-1.75029444627489,-1.82914803297805,-2.23253997016,-2.7491449417217,-3.01410996163254,-3.37659003670301,-3.41757399815132,-3.45839054121767,-3.50761745763359,-3.56435499645139,-3.68387910051865,-3.55144713722133,-3.40483051813562,-3.30732117426343,-2.90320278245022,-2.60726905213916,-2.41606689090609,-2.21004731462476,-1.84749351127226,-1.43784229491441,-1.00577942068529,-0.621236030842533,-0.626904455607352,-0.351848890701646,0.0339835723449767,0.280575012211883,0.375743821704954,0.645127018805492,0.959554947922889,0.873072856598883,1.14852951954355,1.2035711915104,1.08840043198199,0.95969875019406,1.03907383068834,1.20909276752253,0.943399943425875,0.805464070566983,0.857511194209819,0.467936135052162,0.249792922556204,0.0823750176104923,-0.205054574859657,-0.287149047808784,-0.270105909832662
1.31949074107439,1.5924960117441,1.63722422442191,1.91991371850715,2.32584895000282,2.27557111386139,2.31800217879146,2.59207893016085,2.80745184172955,2.83590457413055,3.15863300516288,3.09458723583685,3.15244067122683,3.18370682405444,3.19382304748248,3.00964940510325,3.18435080837359,2.9462375024533,2.67617690993136,2.78150638341264,2.47603764647536,2.33082346909215,2.26999147521221,2.35148239317263,2.42007142684014,2.6012358244214,2.67148690114426,2.7065333113127,2.97958357691148,3.10065813997194,3.12174640852482,3.21219225964439,3.26130890329143,3.59312014133319,3.84969929695006,3.75400277968779,3.89999215971012,3.76735313576341,3.71367537498653,3.45343047425559,3.38586403620221,3.45977384634323,3.54358218587731,3.31748315426063,3.10005368151149,2.85846183364054,2.91985990979524,2.75951658476856,2.68233295655602,2.64897972264912,2.40292403488594,2.25118528634903,2.04333175904279,2.11333432424854,1.89076937269148,1.64606720691667,1.35057027827257,1.08303473787258,1.2240357320059,1.01344924177062,0.634355207269547,0.754645789890252,0.810609707593184,0.966000022634368,0.745114030447498,0.615650139268829,0.74167709214262,0.97007930225452,0.945302626615047,1.10573581880786
-1.00396441877035,-1.31085381705563,-1.69849782655957,-1.64160434767063,-2.01210355460274,-2.04940863793367,-2.21304155237409,-2.41385142641522,-2.22587546808713,-2.31764261646933,-2.36814052600632,-2.44936583294356,-2.21261815032153,-1.97250327973166,-1.6617250777558,-1.68385751605141,-1.56600141230558,-1.19453089170021,-0.669424037055682,-0.201249097972201,0.00861515107327762,0.155038699786113,0.348040989027353,0.983345061880666,1.50434024530719,1.74513843559835,1.98740592524967,2.28416850178398,2.30986066252377,2.62646404332339,2.86004274876218,2.732230290221,2.80920990301081,2.69187546280348,2.57633835543463,2.75954136489178,2.8649933673513,2.50105759413526,2.19647616078694,2.33937107488828,2.41167944773193,2.5858932865021,2.58085202911129,2.85337941333072,2.91209351376532,2.91143345053485,3.28889126151704,3.56813026038406,3.52309974942993,3.67928622840754,3.84663176376637,4.03844992079656,4.25697909567436,4.030319474328,4.02672875564382,3.68259214465746,3.68051895344024,3.59136625273993,3.27935671824656,2.81362275754085,2.33698672752393,2.25737140375346,1.9678287046098,1.62924722142358,1.08252930270807,0.577170527432826,0.412547389243762,0.111619169878886,-0.40671687937843,-0.563954234373668
-3.9032436132525,-3.40638297618737,-3.20985923559475,-2.76889833568318,-2.35246321939857,-1.82452735452613,-1.35103803709443,-1.12172784203748,-1.09507841690598,-0.746865762948626,-0.22456779838997,-0.0166978720476067,0.348638667761022,0.578746588152762,1.04799817521125,1.28172158582699,1.61769295582045,1.75925862284117,2.0022075799007,2.40917716700335,2.57237283479036,2.50526275589616,2.76005722819892,2.76805081880202,2.65505979453518,2.86253276558217,2.87382004571634,2.95893838149748,2.96413623984286,2.63819057503696,2.56039064803951,2.42710529103042,2.39144113951733,2.07634269199995,1.97938464196602,1.80489283723246,1.71451295789951,1.4886277091594,1.09298690070811,0.553518102401591,0.433112078163631,0.0308014848974153,-0.490113990381512,-0.835886829636485,-1.13119851432701,-1.6791585439183,-2.17904029073305,-2.7492290550026,-3.28020452611347,-3.73848340718223,-3.99907214274127,-4.56522910893624,-5.12216349729534,-5.53962253080319,-5.68038139867228,-5.88985698800529,-6.19510471592908,-6.46056353698687,-6.62141856175282,-6.44730567030884,-6.42082037511404,-6.49613852235108,-6.55417992880335,-6.14934317164666,-6.03291676117048,-5.61736950182309,-5.2233148659287,-4.68068167329305,-4.36017905045397,-4.18281169642828
-1.23713444283502,-1.15075519330773,-1.09100955322455,-1.01010820563495,-0.896883550868482,-0.854195043559343,-0.754205584864178,-0.684246305955133,-0.65715326568058,-0.592182566507165,-0.552361845652372,-0.529346984679031,-0.481776627178437,-0.438736596143384,-0.394524206001358,-0.321014491325422,-0.216410385997,-0.120709805068139,-0.00575163241511285,0.115809928198477,0.244078512259258,0.41132447480776,0.522317977523549,0.667598136749419,0.736685653382317,0.848493052858954,0.910065090254777,0.929171122836011,0.979405967108667,0.975100373110529,0.907119543120141,0.850317265059796,0.758832120760303,0.622938811181135,0.484644136482836,0.305900950412514,0.132695744455942,-0.111806302918757,-0.294063012920449,-0.503815882472546,-0.700560060267788,-0.892212310850724,-1.06449532295541,-1.23081114202995,-1.38391333319205,-1.49950160919345,-1.57985586141298,-1.69421726501017,-1.75904589248313,-1.83430437661239,-1.84322921054233,-1.84818407568921,-1.80851025421534,-1.80232753957942,-1.7850212942619,-1.71851862730246,-1.6538426219445,-1.55903007817496,-1.5330930930921,-1.50799120936448,-1.44266227566284,-1.43395413590888,-1.40556476050802,-1.40001883355514,-1.43059768178532,-1.39636383531194,-1.35346658884444,-1.38132348150915,-1.32241948226327,-1.29086779186006
2.0147176848305,2.10970260362649,2.2527153025532,2.2971091979813,2.36488754413927,2.39098494310157,2.39420255277211,2.37087002635433,2.34934539415719,2.26815255815873,2.23827896449539,2.1580376344255,2.08283201253115,1.98843404902543,1.84254664957954,1.67972712055661,1.49930656250058,1.34959065505376,1.1150213842892,0.914944709930006,0.719310302217235,0.498561356597755,0.276483506776115,0.076500636662867,-0.0788612205740741,-0.18640437379823,-0.3226999199838,-0.409222998237927,-0.523667004686157,-0.56426564504036,-0.634505520516245,-0.635957032489225,-0.609433717631739,-0.635964568841338,-0.584152329649276,-0.59226158379664,-0.58944396000889,-0.574057271030755,-0.552325914922956,-0.584683257954906,-0.638857935868955,-0.643311375634235,-0.683098351291531,-0.75531265904918,-0.779909614511843,-0.838250838646698,-0.834820498308147,-0.845236205462336,-0.861362801315396,-0.869791107543663,-0.837169594334469,-0.786301001187007,-0.772946852258516,-0.684823004125548,-0.647346871392907,-0.589753813040488,-0.47988232648231,-0.379270422188831,-0.264109937848431,-0.122203526527331,0.0511381297877758,0.194522127760097,0.388970570751655,0.606766256801642,0.820591798586354,1.02713859613255,1.2490618552423,1.45593289866964,1.63918779659414,1.84905762188238
-1.57634481834893,-1.59914092746206,-1.57206003818161,-1.52633472167882,-1.48674409989891,-1.35425617123632,-1.245003569783,-1.14829094826011,-1.00103058980867,-0.851837883781645,-0.707370299730982,-0.575543155808937,-0.4302292976159,-0.29199732669877,-0.197198166427139,-0.0864721697457015,0.0424440229743187,0.0784494642790465,0.139604820067817,0.143128154761018,0.150910161950789,0.053914491287142,-0.0753340100751415,-0.189805319089356,-0.348577664865743,-0.491951015727449,-0.706579804306098,-0.856706453254088,-1.0138322078354,-1.17663604455014,-1.27083502969778,-1.34088771227311,-1.38593048010794,-1.38744434403798,-1.36820569288366,-1.2854740892614,-1.21595082871456,-1.15997884295779,-1.08810573653932,-0.967739885742468,-0.929046008623824,-0.85455379448154,-0.861159858034488,-0.859006158093358,-0.90863688122686,-0.941894095678833,-0.981047475027091,-1.02823711403543,-1.07202896797891,-1.16935494136141,-1.20303560837197,-1.2517927640265,-1.23760999319345,-1.26290909802987,-1.25565742666991,-1.24058294077342,-1.20508815711641,-1.19734368249784,-1.15732351010694,-1.14201299015378,-1.08833191179409,-1.09350936917024,-1.09585611454595,-1.12320953777305,-1.20064408863183,-1.24632787730703,-1.30992964340183,-1.36932255892868,-1.47815026462676,-1.55987442177894
-1.14843911111951,-1.18018141416797,-1.1655569012688,-1.14749045816101,-1.1124116211246,-0.993073056736428,-0.913465433229214,-0.795913574798096,-0.692577022714808,-0.529679635686245,-0.381456454876857,-0.237402316552543,-0.108459797336491,0.0145812076317009,0.127401152587368,0.228949663694681,0.341850831796718,0.444859888380974,0.51508040685938,0.575251797537306,0.582147251646751,0.609255958122447,0.595515416898295,0.621922678870479,0.570665192380493,0.536874105355883,0.517907038167222,0.446812365043025,0.376300338108609,0.343984090141735,0.298291573256455,0.259371997454042,0.167743469056492,0.121624285409543,0.0436771995603928,-0.026082363299002,-0.0636626530787726,-0.102147253897035,-0.129011399885934,-0.156337820215654,-0.185960562699501,-0.209678800683402,-0.155655056655984,-0.181508525749016,-0.19682723035657,-0.187180750628191,-0.249956547020722,-0.306373586120916,-0.341876185584681,-0.369775981874359,-0.453815375962283,-0.501247547587693,-0.483289196537306,-0.478951973357703,-0.458306857736269,-0.457073771813593,-0.460464108101369,-0.387834032353749,-0.370358932718624,-0.39025964346728,-0.366656928072042,-0.4143955946736,-0.487294670720832,-0.525155691445894,-0.622681641798844,-0.714713252136002,-0.811270148155652,-0.928904448455188,-0.989694548858698,-1.09206150076391
-0.706530024529492,-1.21944715750922,-1.67830814049733,-1.83978207032593,-2.32685508182838,-2.49655253159399,-3.00770361821813,-3.36702111703731,-3.81006296636783,-4.07423993817019,-4.27102940024616,-4.69809407325741,-4.96942135595975,-5.04345766311573,-5.11836076212518,-5.37506595327636,-5.7063183836091,-5.99267698520125,-6.04856281291884,-5.9758125341657,-6.2295081516399,-6.07721113243079,-5.82510014882058,-5.85679789315689,-5.61722923630437,-5.16144829456939,-5.07330240628067,-4.5672181751711,-4.08954642822258,-3.73804506813419,-3.2613108721748,-2.76532819457614,-2.14784097794805,-1.42395791313775,-1.09430539920571,-0.409575629654124,0.247863236554451,0.842469284159478,1.48373073227143,2.04882195324685,2.37131542679151,2.72644364242144,3.01062878069599,3.50637833175325,3.75252996631908,3.87948358207769,3.77296248185228,3.55372719055114,3.67182627870843,3.67957337216714,3.43756441466572,3.38314924836801,3.21691933872939,3.15746223704584,2.70758330072688,2.68309122135463,2.61530696855437,2.57560018332881,2.61406327037284,2.28721347113813,2.00116367308948,2.07474386905083,1.91703069503328,1.53096080062522,1.42287652041509,1.17887906549263,0.856289795442577,0.499732858852086,-0.10094831766185,-0.460319277344323
-0.878005320790155,-0.846804544043644,-0.736362302123653,-1.05302534420237,-0.987026403734396,-0.885057267764469,-0.811519558484724,-0.904025654190115,-1.12739707361337,-0.971447221222421,-0.866736116269131,-1.10746361277859,-1.13655156194402,-1.00720229471432,-1.13244944172591,-1.25495383582186,-1.54384070217607,-1.63816366117905,-1.89965830673092,-2.29584690328528,-2.6416377445261,-3.00512994407299,-3.36487857919196,-3.49739640494589,-3.67732246588764,-4.00727377387444,-4.04990600878096,-4.39454983355243,-4.7299716111146,-4.65388130327458,-4.77114864188,-4.73814068854995,-4.65144048483934,-4.37085152701625,-4.11262438435432,-3.86506388031189,-3.54606623117107,-3.33950750637867,-3.04357344163007,-2.70244000012544,-2.31136258697596,-2.09767232884454,-1.66469341128906,-1.32271384283034,-0.894461745460401,-0.688697541199885,-0.452011126381519,-0.10688979260417,0.12665059365305,0.522543064753897,0.723170716017201,0.722743474709861,0.777933577363935,1.02455041658708,1.1788168498166,1.02661246665102,0.927299502845012,1.02651245507985,0.771110660042985,0.675374604201957,0.663103508679707,0.685834102131213,0.52164244041109,0.0712575257258063,-0.181187465497143,-0.158801052169338,-0.164662597325833,-0.364921760724724,-0.260725201599898,-0.575915729091628
-0.534048581162319,-0.208171882572892,0.475322113941968,0.746009463756154,1.3345335321115,1.99925793915087,2.45244982965291,2.83646309589006,3.4172129871192,3.90515628485558,4.53033158060182,4.92281561185799,5.5108930546853,5.67485313863843,5.83940318663073,5.92414933546147,6.03935571325223,6.37390484534151,6.68600399447355,6.74995127074079,6.82879369967337,6.55874985680335,6.74918830327433,6.71585065303923,6.79925364157634,6.77407713689455,6.66492406496219,6.81028404273158,6.55045538459094,6.62280392806465,6.40313897194603,6.21309291830083,5.9934487232485,5.58864881543073,5.19807445711684,4.81463346430424,4.59079604413508,3.94306416831649,3.59786894104607,2.85356295151335,2.46855607389264,2.10240056721407,1.50181204561982,1.21879684299364,0.837555529107496,0.461481339988828,0.0112174847992995,-0.306104362661048,-0.614240797947657,-0.821715926487003,-1.10182751088081,-1.07275045848351,-1.19441930833889,-1.42499602498867,-1.67665603599395,-1.95385639016054,-2.11834705858288,-2.37614443949824,-2.44885966002517,-2.46792734316068,-2.62855249639717,-2.50400309617745,-2.52458642478754,-2.66777429519987,-2.50643868585531,-2.1839371904989,-2.08257055165549,-1.91153655946629,-1.69227283152114,-1.03918367164138
-3.53039531266131,-3.63687941258277,-3.43645425637311,-3.22663240614061,-2.91632457645827,-2.51999667617092,-2.53773171525918,-2.07615976892919,-1.92756272720578,-1.3834268803054,-1.05038018134106,-0.614568725290605,-0.187121452194324,0.237660853866445,0.793154066609887,1.27608897586055,1.62669948448344,1.72869668654234,1.88353036402813,2.13974745348993,2.12533889681137,2.37248836012185,2.33812917769998,2.50721224599206,2.48523039376214,2.62146830521412,2.79539260932062,2.93185319653689,3.21491642098658,3.30857006096174,3.42857078255596,3.48566665843567,3.66575905951802,4.11015786408091,4.52776554823453,4.53334699833882,4.71477155526793,4.68282204164912,4.88509214580165,4.89845483103633,5.04781593519271,4.98048889052076,4.66028404285642,4.48335898575965,4.05088867840047,3.91713503934462,3.41409882161654,2.98801744193885,2.41354878488249,1.77948991139438,1.2145463902684,0.780210530960893,0.368104688996252,-0.16491839789528,-0.776818172448524,-1.32389061104117,-1.61213823058525,-2.12511924395988,-2.41402494007063,-2.86547186959076,-2.85345846680905,-2.99129175206627,-3.14163967160104,-3.16427550101193,-3.38984785403682,-3.4754447316103,-3.52568975788948,-3.4547591911461,-3.56899515597762,-3.52073478375625
2.15491905059831,2.64615992466919,2.92489110349949,3.41329520352274,3.56211464149507,3.59687710741091,3.63045276367736,3.73231120412121,3.92904165653842,4.14889932703555,4.0194601346445,3.95924376090171,4.09752577779114,3.82628574915638,3.60982421059892,3.50876291051853,3.52325575535623,3.54872256204623,3.67001321127628,3.83969945369238,3.72850107139976,3.65089020400963,3.7189455924189,3.62275394080815,3.5592326194613,3.42495865904299,3.57851862222658,3.57956913278104,3.35205247523369,3.20637724571174,3.20357633540457,2.79887744646671,2.50169043373561,2.52195988705196,2.17709198483352,2.13786583169313,1.82236846428611,1.51360859595785,1.27304849795346,1.11865496191342,1.09669431814463,0.934237898330953,0.768710820056608,0.733084611814643,0.779867998678026,0.975796075804346,0.922365525932565,0.811786651539945,0.728486515271423,0.663579215751029,0.611039367804014,0.597001011814218,0.417160857074492,0.455948511563905,0.177257583042523,-0.205552248007833,-0.250553176492804,-0.215283122686585,-0.209005865594048,-0.145981030883819,-0.14776763813423,-0.31453826479587,-0.032754513522184,0.228101114786239,0.340518268495886,0.643056709445811,0.972078845223001,1.11062286797933,1.67609595193941,2.10530043363295
-0.79858726734476,-0.725358335010737,-0.736580804355501,-0.668103369181205,-0.512106335041244,-0.324414811719919,-0.214894501987895,-0.0415035193976539,0.116982698884336,0.519875318814805,0.590221864056459,0.65241127825229,0.759355985393571,1.08571668815893,1.20876487009664,1.29528621186017,1.58460019414662,1.5059791404344,1.77376339063369,1.7455452140753,1.73017939236763,1.75866171218502,2.05953674874237,1.93714107191738,2.14559735723778,2.04173483577142,1.82066087126218,1.92806213847701,1.64664872930735,1.7660887953855,1.43638606798973,1.10982487260359,0.890187551540494,0.693570744406167,0.742368040905292,0.774092384549749,0.441056386789119,0.329160071113589,0.386113294042834,0.257461249901183,0.411051789649972,0.423803449772535,0.538543393584048,0.733264117719108,1.10860593726031,1.43191237271745,1.48825788176525,1.56386007772181,1.68324995075589,1.77799840511647,1.77196374796291,1.84645583827244,1.92913446279248,1.8663146369013,1.63674879383648,1.67789777176158,1.26073724540918,1.01539348103633,0.978780601302575,0.738716270808451,0.407381378951894,0.388485574459126,0.163424093517576,-0.182916848287166,-0.56657940619595,-0.827643592634583,-0.802392409595094,-0.895325425676948,-0.886769917973464,-0.94276943274639
-0.767468217253094,-0.8436711206263,-1.02860289280051,-1.29292975260498,-1.33788946475997,-1.57290201138602,-2.07883511453879,-2.48008257817417,-2.85541992823042,-3.28864274303098,-3.42544607713238,-3.52977882018215,-3.62716632477969,-3.83461731802726,-3.81914436111368,-3.86259110598994,-3.87627895183652,-4.04573595216044,-3.70095442575653,-3.63857079726668,-3.7449481928903,-3.52716238960096,-3.27889248470278,-3.26804264307976,-3.05211259257175,-2.90638607941738,-2.67271372024762,-2.50284305426754,-2.20119718485793,-2.19219993356713,-2.30494170757615,-1.89704058599314,-1.64644900686868,-1.61287834353244,-1.5886355463362,-1.7659275336781,-1.8476392591639,-1.96480528774134,-1.92211269004088,-2.1136574037291,-2.47728738637374,-2.54469311410194,-2.67768296866717,-2.97266435936641,-3.33141577805716,-3.53958777867346,-3.54413917224422,-3.74070691780659,-3.58536914907706,-3.4721985710547,-3.55815615018284,-3.73326081582926,-3.53450292185703,-3.37604715748276,-3.08488177881492,-2.90505649364585,-2.80630829271791,-2.69532336683232,-2.66532344993497,-2.32025484553881,-1.95459984168361,-1.90443481269468,-1.58927485428516,-1.28526549609221,-1.06803168811262,-0.955676763180354,-0.810188516967454,-0.71562967997306,-0.751182876590845,-0.866805884706246
-2.95312271871601,-2.79538898504145,-2.5249658019617,-2.04024361006406,-1.88334948121379,-1.21247675306655,-0.783288633114467,-0.488691284605213,-0.173571186057499,0.49319717706065,1.15496232284929,1.49085199210574,2.08008570011271,2.67016935000489,2.83993312083109,3.23712410601217,3.34330310963229,3.61980027249407,4.0311457852174,3.97766000035355,4.22253407385547,4.29121894167202,4.42522628465394,4.30719449306241,4.40359674865169,4.54016575722322,4.43770168661693,4.46062526031023,4.52099905310593,4.37826922708953,4.21956954548677,3.99631913176421,3.84067136168422,3.8648851293101,3.56207256357364,3.11443096170658,2.62781166438306,2.11976462494773,1.84732236072026,1.58490609920349,1.08147173925865,0.512900774828188,0.277062530959007,-0.120650164216058,-0.554989402070017,-1.07098870359091,-1.52334690297942,-1.81844103359935,-2.19779898923994,-2.4570330858482,-2.67701416655415,-2.72172982288648,-3.01942581364393,-3.41000521903026,-3.40859366578797,-3.40724837737318,-3.68183624333167,-3.68012174756827,-3.86500847888753,-3.58072562388865,-3.55971369310018,-3.62752451212069,-3.59037058638505,-3.71773052455366,-3.40088040979535,-3.52907266518251,-3.54849418041453,-3.42367986219265,-3.50792108527531,-3.19934839136789
2.75277577133219,2.53347390067217,2.24166296026383,2.05202716615265,1.7587883030097,1.54009796112875,0.976157952593912,0.807210599605005,0.604674624249115,0.395095045719788,0.181634377558875,-0.0327676277787171,-0.00504411197136838,-0.103853632104691,-0.035209169019282,0.327925910273985,0.432391971291107,0.855348428820263,0.879982621855986,0.920263057753559,1.32286308143127,1.30062038091207,1.30497941431515,1.47163151420263,1.74387840938109,1.60198538124113,1.80352257318799,1.54525572158538,1.68282551305079,1.42251351316648,1.49693124483721,1.45774285213746,1.27313324770625,1.0939056760479,1.18678674954506,0.998057970229662,1.03579868882846,0.999720033603264,0.943955760973793,1.04770980039988,0.924031951470085,0.692494913869824,0.718177127048788,0.773277612210049,0.961809291828158,1.14159712015474,0.930910173261622,0.841336870757321,1.10584307448374,1.20317628839346,1.29018973017439,1.23855411564694,1.45531101784126,1.35835066960233,1.51676227158701,1.84665836540788,1.97856171356481,2.03954263114162,2.30743757334632,2.21950352493036,2.24448270443439,2.1513974334295,2.47896634077495,2.68241999489799,2.95906155139581,3.22888158936593,3.04478802424551,3.00955836353389,3.04775460396514,2.8818011373201
-1.48126395749513,-1.2053908106571,-1.29215812143981,-1.41555188056385,-1.42016658454525,-1.56471624517303,-1.30108333364301,-1.08612916988016,-0.901701419550129,-1.04568925521994,-1.20337589949898,-1.10239507574383,-0.932504424074414,-1.01157198153231,-0.749844162283174,-0.616311960579978,-0.624397381798976,-0.284197735907476,-0.0623386028933969,-0.0878482360421441,0.220349011666632,0.445412838629295,0.917091917663991,1.02491259515535,1.22341082296547,1.49659097248063,1.54098930362133,1.62198436380833,1.92665977433556,2.2608826284069,2.50261643008898,2.771629794018,2.76709928356409,2.75251480811265,3.06571077523065,2.97961641654445,3.13290735912385,3.35070074904071,3.55276739850364,3.55728539218804,3.58025339093852,3.45044637405776,3.62033993297242,3.50045114356684,3.66977045489208,3.42988230196169,3.25330804043808,2.90525904910415,2.58488490858799,2.28612072454111,1.81313916406795,1.51768494183666,0.964986268065329,0.727025078462677,0.3523067079144,-0.345083577029083,-0.540334684163551,-0.742133035297314,-1.09737231665284,-1.43746428574049,-1.53052328852609,-1.79218161860047,-1.74814372068376,-1.74564763218842,-1.79385364676612,-1.92871591299288,-1.72096513450574,-1.61618460067658,-1.70709630918712,-1.56212163667035
-0.539117534428523,-0.579245871059071,-0.628436786244038,-0.61899611574049,-0.627416127536764,-0.638505145763492,-0.694208004173837,-0.686309486303564,-0.720871511620689,-0.729123798331856,-0.746958775188294,-0.722273923614492,-0.721047597209659,-0.713590527358825,-0.69619725730214,-0.669233148855755,-0.633637842309634,-0.607566936066539,-0.556980309703013,-0.459456658868092,-0.375633669056859,-0.341863851494965,-0.276035034398092,-0.228018053244669,-0.234408861798582,-0.261054946961781,-0.282421560968848,-0.326308333491002,-0.374549596566285,-0.453809907268438,-0.5618955483159,-0.638207805942079,-0.702600952099383,-0.764739441472983,-0.828264474771733,-0.864214936835601,-0.871455946504822,-0.839633736341689,-0.780821338268392,-0.706920630313735,-0.632856936783135,-0.467607377991479,-0.321243235800095,-0.137050806423589,0.0740642706366244,0.237234388894833,0.41540715235191,0.623733620816718,0.814302107491859,0.940839740801541,1.05380725036168,1.18990371673559,1.29824708348062,1.29908120930498,1.27757100801918,1.21797106275366,1.16782860264629,1.08569383480002,0.936685336848855,0.731661637887003,0.557722384201404,0.382768708161875,0.157962677816229,0.00993292158637382,-0.124828032888523,-0.266180165659435,-0.374247793756959,-0.443348465980772,-0.502080558891206,-0.500037860898456
0.73079075242851,0.765274437307782,0.796795588611705,0.771584932070414,0.794256427083952,0.828723328692708,0.776960167127949,0.773857040623423,0.761816220669104,0.713904461041203,0.701788688240908,0.693514808887387,0.641831685666954,0.615067792159381,0.55581445759477,0.576248751008454,0.54612182107302,0.518951938450506,0.422721226572314,0.35473077121195,0.26703145331835,0.195276159874722,0.121457768378397,0.041197289133457,-0.023375074342559,-0.0772224977038451,-0.15588979105859,-0.204438471081421,-0.268245334777357,-0.305465231497261,-0.351773721082923,-0.486551932005762,-0.586790491231943,-0.704867567772918,-0.858773446920156,-1.03322587112808,-1.1518866103625,-1.30406641044849,-1.46544097459758,-1.58950391579177,-1.7057990363959,-1.78536624345691,-1.89351278213987,-1.97506195305716,-2.06412241439453,-2.12829441826653,-2.19411636774246,-2.19880254858946,-2.244632685673,-2.22185801457824,-2.19627299990526,-2.13944168808247,-2.00051387115011,-1.82640496986366,-1.65958006012424,-1.41088523557863,-1.1528854741909,-0.910158390323059,-0.676077345806668,-0.397573260113722,-0.136936808284224,0.0177850629491648,0.16508817819172,0.327933180881313,0.431186280388791,0.51669869786744,0.579837797665378,0.639669387697529,0.695625372497387,0.674205140915039
1.16690601976087,1.16076931310514,1.13531028879322,1.11424573800428,1.05639151273402,0.977830143727731,0.940086158627867,0.902571382580305,0.846417134821437,0.792814343395263,0.730783572920881,0.642810180247886,0.607296621416407,0.472530379701152,0.349789367103659,0.169495915357205,-0.0302408092042113,-0.25529129019202,-0.549217047487735,-0.872615410190414,-1.21643034548647,-1.54499736501204,-1.91312726567536,-2.26626303527798,-2.54102275052605,-2.83935318374408,-3.05005665835871,-3.25684979114732,-3.38832992181254,-3.41957888930303,-3.45454449864861,-3.40344235514837,-3.36631018367242,-3.2291502767584,-3.12276249754637,-2.97891897003375,-2.81564592882628,-2.62338143820137,-2.45379223835824,-2.3157763531493,-2.17372115606052,-2.0079969741723,-1.8596693301133,-1.72386528743179,-1.60361223612012,-1.44736299094756,-1.32988965445191,-1.22829767346239,-1.12419047185438,-0.970852210214138,-0.819821710846359,-0.738383018304124,-0.581526718379924,-0.41988997072252,-0.309583057089316,-0.155322096203494,0.0295677403642758,0.158352312471021,0.344069008173841,0.517541307593805,0.61423308459064,0.752085521173897,0.856864425933357,0.963175656379412,1.0567580637749,1.1108113969044,1.17192149689783,1.17004261313023,1.18572148776622,1.19853048241961
0.218097516751841,0.319113107734123,0.373200407135645,0.4742280548019,0.521127893603678,0.579034470167935,0.657422661218678,0.73868057727561,0.777667147075144,0.807919620300342,0.85134162972705,0.888609974834018,0.893589921138745,0.909570383642065,0.910233419949433,0.863874260871992,0.802368845886522,0.703023724557609,0.654466583394697,0.521660229172349,0.41225465922446,0.287916073699925,0.16945824988071,0.0539749699674926,-0.0725529780229614,-0.164640982582356,-0.22144939001836,-0.277882673230213,-0.309165441336453,-0.32426684295712,-0.355363031578856,-0.373812463079119,-0.405582047499346,-0.372702292306538,-0.343669765060527,-0.321019200306262,-0.284255191995657,-0.281620707107439,-0.24892303490245,-0.192710289777197,-0.10544195355128,-0.0860127444910835,-0.0233974703423425,0.0573866759862108,0.101929694335574,0.123851076755305,0.153113823512744,0.202795697519383,0.256537157926584,0.271967555902883,0.264438030299182,0.26654707983254,0.291683180401238,0.233805100225462,0.220495328438426,0.199122458052995,0.129286184856324,0.103113855612393,0.0493224337512338,0.0182500180733729,-0.0191950955919202,-0.0264590961923663,-0.0371739301013623,-0.0393875207997273,-0.067552760868203,-0.0369578460647609,0.0173193036513688,0.0762368761964357,0.0827556233947708,0.151748122672416
-0.501486882073756,-0.464125346631864,-0.405081247873401,-0.364088711339018,-0.332987843011549,-0.261800929088589,-0.190531279842344,-0.176687995681652,-0.0965224950063435,0.00362706330256606,0.103593473164098,0.273679484881993,0.456777579225757,0.632956085299441,0.859522798860986,1.08247019702278,1.30208316102401,1.4926241467637,1.68046745371258,1.80852496002139,1.93489554799954,1.97052709068802,1.95301907375339,1.96468069257684,1.89532750751649,1.83131951024996,1.76515847874967,1.68202153429341,1.65007164655451,1.64465271763043,1.61799227874843,1.67684941723588,1.77039137627816,1.87407518518713,1.97225995854025,2.14437656122826,2.27159013207883,2.40471546939527,2.52723626758717,2.59912352952786,2.62524912477968,2.58161390977315,2.53615064491039,2.37989483773493,2.20698082226762,1.97615312733619,1.70388072171905,1.38018005061047,1.09189063816843,0.798817107994858,0.452063064756823,0.128122337938357,-0.143602559418165,-0.355746212095721,-0.593095606151102,-0.79204718852071,-0.946054644165972,-1.07292831584119,-1.1171226217085,-1.15187554875207,-1.12866809367604,-1.1142289157462,-1.08317581998894,-1.02938812545791,-0.924725793286532,-0.835353661712975,-0.787110754306788,-0.685827041345246,-0.649263557698311,-0.546222132421444
0.602690658472436,0.525536567340589,0.430172301538811,0.326975573382079,0.183659641317739,-0.00811054501200229,-0.121731826941655,-0.307435826502133,-0.452140692840164,-0.580705937709711,-0.676421270938659,-0.794729355601258,-0.90771372929679,-0.981294807107118,-1.0178505869602,-1.07995606779875,-1.09723106131351,-1.07354911636494,-1.04630155606541,-1.01737865734326,-0.945500789886887,-0.846594319785897,-0.777513369498053,-0.623911680613858,-0.516935060089859,-0.397250032947072,-0.262077618554731,-0.189799683577452,-0.106062702666166,-0.061119690288197,0.0336033571681396,0.0715620816336594,0.0624240895219112,0.0722089386047485,0.0617797996869903,0.0594230160608555,0.0232990888382789,0.0489783041392388,0.0354544484212236,0.0200127718995637,0.00769081219368579,0.0227169397322564,0.0617261079953267,0.0506982760753149,0.0809831713070879,0.12972325988185,0.167373543100795,0.190955629335008,0.198649718247562,0.204658334878166,0.194946720754258,0.17229340995379,0.165326333794113,0.132382675973601,0.06961239558483,0.0156090891814138,-0.0312037741862638,-0.0303189475951722,-0.0334119310283137,0.0144591553196006,0.0323301550142724,0.102884464870476,0.182317282673269,0.274407354855193,0.388967844587509,0.438252492398124,0.544915116182127,0.60567588917147,0.616443885422038,0.640161411699508
0.128890586389548,0.109102097130985,0.0398144586113083,6.59542311481687e-05,-0.0872035844198056,-0.220988231036237,-0.381059928675588,-0.560907160597828,-0.692890111927887,-0.829681735365494,-0.964017629290286,-1.05054739798166,-1.1813608483981,-1.26486784045686,-1.2835149425297,-1.33617312516561,-1.40787700869229,-1.4781729883881,-1.50961819212281,-1.53982299147923,-1.6315533071212,-1.69143285069182,-1.71972452017303,-1.74076559643289,-1.72270572940197,-1.69370213302157,-1.61483673739886,-1.54579985461275,-1.47514644779986,-1.3178262053034,-1.20037097771574,-1.11219314494494,-1.01153693705733,-0.958861746752504,-0.904093612823138,-0.917242680644791,-0.922244422907845,-0.920437038904564,-0.943883186345897,-1.00949514906174,-1.10084593513243,-1.17307850454385,-1.19456162094116,-1.26472565520177,-1.33982311202777,-1.37863284790818,-1.46436471807274,-1.53470828822551,-1.61314768511399,-1.64508992834272,-1.68466615716628,-1.6896859892641,-1.67187879681897,-1.6097477504011,-1.52173842074929,-1.446659162706,-1.26073943361419,-1.12794459803729,-0.956974344558957,-0.802637920277859,-0.660020906298349,-0.524088339486945,-0.413836101415325,-0.306751397926913,-0.221293232699991,-0.131575793794535,-0.101683471321604,0.00234926465065003,0.0790094995588893,0.104241640307221
-0.965146821371692,-1.39850300476705,-1.81976069795532,-2.51634639285906,-3.05991253440479,-3.54416092580262,-3.96465942875109,-4.42552572111499,-4.86256518509043,-4.8675303625108,-4.99755332662163,-4.8651401030845,-4.67763448881339,-4.91677331265981,-4.6065519533955,-4.22091251551538,-3.77436972069971,-3.71744761329093,-3.56423738505956,-2.99510875229033,-2.67655576101489,-2.3699609393798,-2.17863915028545,-2.12084170543658,-1.92919446880286,-2.0636058471275,-1.97214060054272,-1.82354513137271,-2.09605703470003,-2.30407633365903,-2.61511099903478,-2.97675695422688,-3.13946725785956,-3.22021722348375,-3.4816429884775,-3.7471987529401,-4.22893867565781,-4.45170882468631,-4.37478167158251,-4.77323835343585,-5.10044042695643,-5.12072075964383,-4.97790631333344,-5.18136955809993,-4.97441877288458,-4.93504019873354,-4.74571301308373,-4.39826839273122,-4.06942246956848,-3.67879793128284,-3.18892892109757,-2.66820917257656,-2.16774909233616,-1.47523975304491,-0.766605001430117,-0.501504941814238,-0.138631322363592,0.5299562990771,1.11353264655621,1.22182379236839,1.50996640065256,1.7926313344751,1.71777550293212,1.94510979709615,1.83170855941748,1.47154133144305,1.02959353556359,0.597779812742373,0.107824989623786,-0.351473930418258
-5.51629929037304,-5.78278035850891,-5.94746419677934,-5.69405821605254,-5.45048836357281,-5.1708292028356,-4.83237655307285,-4.6011078174984,-4.42527488552176,-4.22478532494601,-3.96287073569082,-3.41410622820712,-3.13236670108836,-2.51081235347925,-1.98948456580872,-1.4045112620941,-1.21434579711473,-0.850377343049659,-0.406549521279235,-0.138703035474105,0.113492379268643,0.331145409363764,0.603374845407483,0.740321384424711,0.933925281400949,1.18016188360635,0.994475417989607,1.08353491232629,1.26351623295905,0.93899821750144,1.11655218252574,1.02347716234156,0.74889480198146,0.781391981017808,0.783604476750274,0.606951242136078,0.709051902346603,0.472129607751022,0.357950638255255,0.108098219628649,-0.0129538671882963,-0.137497247557514,-0.130680685777445,-0.279849476269292,-0.247150944423969,-0.197423191912321,-0.472543505475173,-0.418673732635257,-0.625602730183012,-0.700492356170897,-0.756726724207199,-0.592358570152099,-0.540120823156652,-0.762730226758073,-0.94615265795182,-1.26490285007249,-1.20791747129418,-1.62129044168637,-1.94083791849454,-2.28852680594144,-2.72365910918877,-2.95951667407399,-3.35958481793981,-3.77325634626533,-4.05524322405566,-4.57997813896107,-4.66106900151074,-5.04398930324975,-5.13854958873158,-5.33539843990415
-3.41845225613829,-2.993859248661,-2.41817950195704,-1.78511534983181,-1.31206575473706,-0.802796510071151,-0.596442485639541,0.0331929072615027,0.474954289736152,0.815105408190664,1.162815704491,1.44288612804582,1.97889869993275,2.25175512452965,2.29055590332944,2.62577802562289,3.01373006384935,3.35866997928802,3.73647492231262,3.90837070495075,4.11388805254208,4.47734674907627,4.73090804670037,4.71540695188665,5.00402131206351,5.27825667438386,5.45423191959846,5.65401614995494,5.69516456984957,5.76011623068055,5.42914062937428,5.44364821831698,5.38871211702718,5.19828892550017,4.83995676667481,4.74432787398703,4.33232942420541,4.13892814810763,3.53192484053703,2.96433642980102,2.46236474020925,1.76312012643177,0.96806391650051,0.22795517076438,-0.201086967806101,-1.18083282201846,-1.7717538579658,-2.64579590535703,-3.59921534586605,-4.29897331962665,-5.08501570424206,-5.83704025784317,-6.33019540270618,-6.67749800634145,-7.26627564796203,-7.67194563616702,-7.76888652586581,-7.93826920107756,-8.13441939687161,-8.01930518432198,-7.86787425513287,-7.55323876158913,-7.15570247909282,-6.86650965698656,-6.66718523938828,-6.00271527748404,-5.50851690127506,-4.8405829006876,-4.4667796911884,-4.04565822974056
-0.0118819224740384,0.141501746453852,0.120254492200682,0.557234382763289,0.658912479652882,1.16006000294519,1.55180717115492,1.93599641273281,2.14996187948857,2.53922244214731,2.98510989360769,3.26631317779172,3.70918618503388,3.70056564578936,3.67734744595331,3.84448537778919,4.04639947341314,3.77869518001073,3.73350492983103,3.42590812217782,3.05093117661172,2.48761231985148,1.87253457193973,1.43097572474229,0.755747103990637,0.400003456762333,-0.455036715811722,-0.978115753972746,-1.49935368961573,-1.8563771573814,-2.46870458785112,-2.90718300718647,-3.12955510933772,-3.41566891825622,-3.47632620767285,-3.40575839160466,-3.64350144441362,-3.54034160203484,-3.61045972582229,-3.66204843343556,-3.78224966698488,-3.70223663087395,-3.42710165734711,-3.20379399526486,-3.25467050937299,-3.41180890175822,-3.27766685380513,-3.20180657278506,-2.95746985971684,-2.95320524347115,-2.8228385540398,-2.69826585787661,-2.74015526754875,-2.43403697523324,-2.0710515522939,-1.86688728152602,-1.8492794584702,-1.85332206875518,-1.88149955476452,-1.53716182905386,-1.43497088933574,-1.24513815027348,-0.973846367997575,-0.979905717440516,-0.90221178207743,-0.996577907719749,-0.874085111327701,-0.936023475732519,-0.639103772603593,-0.324623639855422
7.47402538575954,7.01453341314121,6.59218380197523,6.51381313613724,6.39536590468848,5.82950073961719,5.31198444720018,4.9188118410792,4.56034973867205,4.08461047174933,3.54326896093676,3.27137099713672,2.88608825979866,2.37928360874804,2.19250953834369,1.69614944199272,1.19061481646152,0.952272759035493,0.876989898288551,0.925704042245631,0.723523679995921,0.72483879760989,0.575552381731795,0.520033215161163,0.908196496565009,1.15620245582775,1.20002150329224,1.34915065515567,1.50795244902088,1.59963190055368,1.86966074350329,1.92076953314277,1.95884706736325,2.11577276272332,1.98754083429323,2.04846447171216,1.82369072499376,1.67441827795915,1.51493218087197,1.3490274807441,1.01768008769513,0.82196798859939,0.857543143575266,0.496383186797316,0.569990988802881,0.671116928010995,0.426700611304841,0.777790694869296,1.04658377438022,1.08721620611335,1.6512941933539,1.97777201278625,2.50859531714002,3.07825453282477,3.39191674814983,3.9167613982264,4.63079007367636,5.22208244560464,5.75992720141174,6.20165071968891,6.78829569886321,7.06806283237087,7.32584123728997,7.44625751139521,7.7151358991089,7.74431790674766,7.90820459499082,7.79516211607457,7.76814477743273,7.69757361346505
-1.55809427815164,-1.32602516296545,-0.849677594065183,-0.463888809838568,0.216292306773905,0.654712035783312,1.25393603671899,1.81738478475822,2.35525699444755,2.74300927462706,3.37701736665234,3.52808832967461,3.54216763964312,3.88615395161818,3.85395321123731,3.88961681267945,3.59212387098295,3.44132505800831,3.25092556321322,2.78793393985014,2.43265435050158,2.2197802731752,1.75769231300903,1.39912816813457,0.828508655428864,0.497846041150033,0.0675912312063584,-0.162197098137494,-0.580472491963279,-0.895506214089203,-1.17273393142024,-1.20185142498478,-1.49472355965633,-1.53253410750701,-1.84431976179684,-1.76433856643498,-1.88213991750666,-1.96514648114234,-2.09768982093819,-2.26015990126616,-2.25211317298867,-2.10843379090223,-2.13951315177209,-2.09679104954051,-2.02284436770609,-1.93727732773415,-1.82809215256512,-1.90731227968822,-1.81951533986907,-1.61143845573701,-1.47652111793326,-1.18010851731761,-1.14383877611719,-1.04777247754411,-1.05208173623053,-0.945625203440791,-0.818437068240761,-0.730808361535964,-0.654686700936521,-0.897512832651974,-1.06195111943269,-1.34110248911214,-1.49600778568516,-1.62771863978759,-1.76949120777076,-1.80094547040808,-2.06896703667511,-1.95833460936377,-1.8621514078932,-1.87849583660139
3.07114978108552,2.94580665813949,2.77582545755459,2.36408427776681,2.11514135359351,1.96295179072646,1.45370392058225,1.15438264582268,0.472317559795984,-0.0960367684969951,-0.409645435960046,-0.872788049649625,-1.4199535668032,-1.74948312778686,-2.28351878422396,-2.43813122740895,-2.52877291427496,-2.93048081864694,-3.06251577431513,-3.26961610509821,-3.14403289071445,-3.05196216311614,-3.10591004425026,-2.75032874565534,-2.7019099445897,-2.36320613037592,-2.2407445763188,-1.77878697670071,-1.66803507886587,-1.24956912099006,-1.24499084710359,-1.1151920827289,-0.81641896911519,-0.803276272614383,-0.931500411721972,-0.828405235568635,-0.665419613724002,-0.892197348717821,-1.21389193204589,-1.14379768294943,-1.30892426503173,-1.47381605417592,-1.76564433484749,-1.79368274759649,-1.71483350490275,-1.62739873644662,-1.55430430415757,-1.68302098974616,-1.38645934515727,-1.33497456187044,-1.3638539156268,-0.94963662115318,-0.619355648670878,-0.428427637076577,-0.23902165951481,0.0172067964304824,0.454350536876816,0.793689305716397,1.07557908576242,1.37947612378193,1.5134711064462,1.9549784159084,2.06428536437906,2.31882855175061,2.637908553712,2.98862564966798,3.35694494808297,3.34939105605819,3.230598558085,3.12829363240967
3.28795398463344,3.26282489978565,2.83183598257767,2.36216441963446,2.20857422667134,2.11168800373972,1.75080776934863,1.57035524535478,1.44529292301638,1.30283936312156,1.33639184514542,1.21435957853341,1.26761666597766,1.29537482100602,1.59584521106374,1.46157921584758,1.57963736891765,1.49510140966557,1.4659170309219,1.63897096314782,1.42036723738778,1.46110147506019,1.60671140519842,1.6016060358769,1.31856659626627,1.23525077271192,1.13590523234196,0.805323326599643,0.530414188581122,0.21512783844474,-0.13149733159507,-0.401678265228892,-0.517466202459094,-0.855598300846797,-1.3675563037984,-1.88524015235851,-2.27721016872617,-2.41944493671764,-2.82379677914534,-2.84030768573555,-3.13825392248093,-3.37452031875531,-3.23874749186899,-3.18420093563051,-3.13914494789826,-2.8993112779464,-2.66082799361675,-2.47105573089117,-2.00090151658505,-1.52546979347733,-1.15454605657502,-0.565890032322698,0.121502846251979,0.400345846362042,1.02279354949117,1.47892644641361,1.94882907223221,2.5826904210373,2.96683873674813,3.28499044244175,3.54141158978187,3.88988405578578,4.24478329927822,4.15143457997737,4.11936020631459,4.26730242023194,4.09411944436747,4.2501043306517,3.9642482662979,3.53671395198797
-1.97860807079307,-1.73288866426552,-1.45593612139108,-1.32307713520447,-0.832776897335457,-0.856922144274743,-0.505251808728089,-0.426749767271711,-0.663782878228659,-0.513625132002104,-0.714314194733537,-0.889808764167477,-0.854213307213752,-1.19846580116691,-1.14165521097985,-1.31951711972607,-1.42295049789159,-1.33029780087058,-1.29556236836863,-1.57993322481892,-1.5915190740673,-1.56575718946539,-1.31581030853583,-1.34359169569611,-1.37612629022925,-1.55587251845175,-1.3405849220352,-1.14283526968118,-1.179070480826,-1.15332986319572,-1.30818436715358,-1.13864857728854,-1.36049147848207,-1.18119063978084,-1.03356528202954,-1.2873767682827,-1.31828781386847,-1.13297657231443,-0.969866741064896,-1.17731384951848,-1.36693573375903,-1.230226319099,-1.40211076848034,-1.3563401437089,-1.32869184813759,-1.46153939467481,-1.79859869338314,-1.97834774956799,-2.29427762203551,-2.40637700382402,-2.73774227663514,-2.94600116595965,-3.45112271481163,-3.61445986969841,-3.72553509127258,-4.06588074739754,-4.53664234182954,-4.77126804756631,-4.80413899358141,-4.70432324443365,-4.72383258973713,-4.75159850180231,-4.78353850310099,-4.57054289542099,-4.24257374874375,-3.88409417201095,-3.65309002133066,-3.13647002423328,-2.88121397204311,-2.48784256581068
4.10658922448403,4.49069642251391,4.66439521102001,5.08148404979934,5.33917373408255,5.76984280982415,6.06708520269882,6.18827000262998,6.40450508767612,6.666805754356,6.64204897014948,6.73529239538805,6.60640343633188,6.81878731803087,6.77998195394509,6.61110413029924,6.33289335440148,6.0188366279126,5.65031568463522,5.51962755064107,5.0931928868146,4.89609872547841,4.46876846928159,4.26502806560075,3.95955464508174,3.87960469907423,3.57704091886462,3.3230238314225,3.21879089535092,3.13888322215215,3.243169838819,3.18218465601023,3.03854618081591,2.97190318565115,2.86160494840678,3.04231983215587,2.95282898987961,2.63739151618619,2.63491893565981,2.4826023406279,2.27176922406276,2.0728257872982,1.87890412639489,1.62394763142638,1.22366956113311,0.961100324520082,0.933597062452046,0.521807979361051,0.223564487904037,-0.147953519223946,-0.453087023045291,-0.643317267529027,-0.994525225774474,-1.32453190410978,-1.19730226264051,-1.45243986495293,-1.64676256863964,-1.49656591375214,-1.2883724146568,-1.02753932027484,-1.04203319145775,-0.628230694766005,-0.232692870289043,0.184618503198326,0.877488795878258,1.2929495451148,1.82747214833046,2.59055792640572,2.91415819825491,3.36261371124803
-2.55583145408628,-2.57694786630311,-2.40736562456097,-2.52016810450763,-2.5971049843699,-2.54333172479303,-2.18636383090509,-2.09604293961964,-1.95409076158258,-1.79582086614295,-1.42309060159635,-1.19045779221391,-0.85123652247017,-0.835372417832191,-0.792687729303879,-0.769966477561617,-0.720261121686932,-0.455839741677246,-0.616664836295444,-0.749653504030198,-0.763329179821434,-0.930079068055126,-0.891405652944577,-1.23706822609834,-1.60681582331679,-1.70740384353629,-1.74052872330491,-2.19717266193953,-2.46057643689256,-2.55015115847109,-2.83409718942844,-2.75262750291412,-3.01269230928951,-2.98005161962779,-3.26854948877657,-3.0959898831885,-2.88279975030017,-2.88974551573079,-2.9702122214046,-2.85194775535176,-2.52480489833701,-2.46110854130445,-2.13642197660073,-1.82890120346311,-1.53394918319227,-1.5312421761939,-1.08395156028201,-0.985989814294864,-0.755725816098834,-0.698784611130143,-0.519659498306477,-0.59286872604859,-0.369390696559305,-0.315125767105277,-0.367106263750249,-0.259791237664713,-0.42797458749244,-0.335949060550413,-0.485637936203998,-0.66823783059326,-0.758002297939201,-0.81195132478264,-1.12022896141883,-1.30480556662216,-1.63839281073409,-1.65734010401175,-2.08545507486585,-2.06946617263901,-2.08513016789529,-2.44575400250688
2.5444717916773,2.47752474847025,2.53675172132889,2.69232802946758,2.99075479192687,3.49735863144616,3.87789499872395,4.01440784238908,4.15096521603457,4.43897017187914,4.7234649868584,4.92308936234539,4.90055620389242,4.91263754092075,4.78150224896968,4.84498205961146,4.56355029263939,4.21237875460679,3.92477597241142,3.92539069501641,3.41167485944938,2.92945635607153,2.74384614316083,2.65745358136655,2.28930084257817,1.9947796809349,1.65008765018713,1.38038236129719,1.37936786226894,1.5842319130055,1.82032810045449,2.11752078301371,2.0924998598668,2.27168266408561,2.76838962781509,2.97430366968826,3.49970870607874,3.90341706485937,4.43287225418417,4.65140953220655,4.80801129838393,5.08382890835146,5.34790433143134,5.50037153436488,5.74246693845023,6.02917669191591,5.95024041349629,6.11789849521608,6.0347563869236,5.82345030388147,5.92568465304943,5.68268495781514,5.61210069818093,5.54185341215457,5.41323236964668,5.12525794381454,5.12411255108152,4.85610650781817,4.77877724425584,4.40992974019672,4.01538880088036,3.76820061469255,3.46812272571071,3.24644306778179,2.9060128951852,2.73633607972102,2.46684881692264,2.37807997242574,2.45340546572507,2.55598735023423
-1.48882607737126,-1.75220999642685,-1.73648326463422,-1.65359891005511,-1.42706825485864,-1.43250870401759,-1.59250159089231,-1.28684539593611,-1.01604410345225,-0.956227672995533,-0.597549204036847,-0.507493973903144,-0.163907194112721,0.0794280249668885,0.0266973605979611,0.180407798168915,0.369692796174563,0.520208354582955,0.603186841928239,0.535438776250489,0.29951564259168,0.273162176125864,-0.0475681507626145,-0.208134127438439,-0.486714975156771,-0.76376549457545,-0.896469083327695,-1.17702571566683,-1.65028310286154,-1.76231386106876,-1.80068989309759,-2.22740855821986,-2.27232665724073,-2.14058515354744,-2.3353788829681,-2.56224870771396,-2.71163058365673,-2.8024249107356,-2.77471292759826,-2.77002689319958,-2.84766348647143,-2.81583932417292,-2.89015173956671,-3.14921835810232,-3.21103460417303,-3.044241540191,-3.29602918065138,-3.44412929719395,-3.39381366574092,-3.36388751411062,-3.19405868088283,-3.04080992991186,-3.16222920575347,-3.16413594447741,-3.20139701086428,-2.84847800257407,-2.76898846838757,-2.43415939597601,-2.42313917900322,-2.30845041791051,-2.2137331909985,-2.08930405298177,-1.7960091149207,-1.81610713302933,-1.70405872208088,-1.72994538516761,-1.7834735445596,-1.68131292846568,-1.71960867761778,-1.67992308818179
1.36962152807865,1.21782661147707,1.16733745747833,0.761296686449401,0.238619746874574,-0.00221709395544241,-0.0535897404378253,-0.289065670761323,-0.591789281351118,-0.736153459308108,-1.13856278869503,-1.30462222834612,-1.62250771113106,-1.77300334078193,-1.8001366505825,-1.79729285121947,-1.89625780683155,-2.28404321947384,-2.62699185177281,-2.89457193837368,-3.01355136321104,-3.04896909411852,-3.1411558277415,-3.15424325920783,-3.38430527936604,-3.44290243813311,-3.66199888857912,-3.56158256653475,-3.75737596342176,-3.61910976286733,-3.73098061001484,-3.40656469205266,-3.1436508707866,-3.07704322896945,-2.93029089644374,-2.489335044165,-2.46929390311173,-1.94802819140852,-1.57765703666626,-1.10831734320292,-0.530237103505032,-0.131759603388047,0.417601584822147,0.612514793827995,0.98080742438207,1.61928543979534,1.82676182914904,2.23886930534106,2.34094999572564,2.72526056668397,2.91020180516299,2.94960663714908,3.23143727868567,3.14723584596184,3.0820021009448,3.12080044220353,3.17768317747063,3.19979034056723,3.19675830406304,3.2925022891087,3.12142698068532,2.95403113921075,2.85002704138357,2.96515024185484,2.75140591662802,2.70281852818528,2.35765497294158,2.43973421386719,2.10900428391832,1.75097901507267
2.55753306470239,3.11831168369413,3.43476485713717,3.66019750672165,4.10528456735094,4.29646355220138,4.14435438202146,3.98725854649802,4.11654272457814,4.21912372406129,3.90532024574886,3.63336286303263,3.45755874637107,3.49011474882055,3.23342969036602,3.27550204067591,3.13403624996727,2.97066891408223,2.73633246463137,2.52496457233599,2.56449471208356,2.30576081489514,2.51280168879176,2.71495915043987,2.72128531487392,2.89438723257217,2.83384752890861,3.06092591447363,3.17822196924255,3.36600341658993,3.47310890241078,3.56738136974955,3.5789856906923,3.56311331290382,3.85020611483451,4.04202558197411,3.83057376359508,3.51938591200161,3.39523241721883,3.22446638431945,3.06725399152105,2.77131508007618,2.33788953445175,1.89900016610349,1.3481170675485,0.775637521110353,0.193901665477197,-0.0617203576975681,-0.752308776431443,-1.46270069809012,-2.07960677132559,-2.39164037199781,-2.95213461300423,-3.42327665314839,-3.63734098005124,-3.72564556648476,-3.6506487654986,-3.86707598574317,-3.82189649487984,-3.3451170045005,-2.81674928746263,-2.46647489798831,-2.04252315443772,-1.4219389161991,-0.923951599975605,-0.158925437816819,0.701024116565211,1.17587050999226,1.88381758119055,2.2237536319475
1.84462915676619,1.87041749650766,1.56056557678315,1.26060805752139,1.21863983290681,1.30258263034174,0.918082440373608,1.02202990228109,0.770091530572224,0.525284124418975,0.548979311083473,0.490913656967881,0.471934871523996,0.603165638538795,0.677058881242839,0.57120280464507,0.853637743445812,0.730729049984438,0.59620574325606,0.673734428743934,0.906003637929615,1.11617996954455,0.983067298561958,0.811144710345988,0.968192205160757,0.91647523161665,1.14077154964256,1.20603952793909,1.30276837647073,1.22229914911016,1.26337643388469,1.16614880477166,1.42975648597534,1.30598687608272,1.25137900073723,1.55673538760302,1.55660649579769,1.4053531811709,1.67083905726272,1.41143325534501,1.48353019793282,1.75327287905301,1.69099004697651,1.79529471739023,1.61902379695883,1.85929682009262,1.73618501236665,1.62487788805265,1.47265449491559,1.25465495466412,1.40114852889145,1.05988447240665,1.15527180844308,0.94592251271718,1.03304299396236,0.889806614345025,1.05556239031842,0.993216523400969,0.975914259911779,1.12747738189046,1.30854239469741,1.51535245534565,1.69481386896285,1.64473662007878,1.75672482704245,1.97230857896348,2.08896940438737,2.11000040790883,2.10236961001798,1.92283443355332
-1.41764530043129,-1.16091319626007,-0.828332137801935,-0.44238693774367,0.0255115437240707,0.569458578104437,1.12846811863461,1.6503251986146,2.15082691690958,2.80759028966606,3.32209317159112,3.58548162497093,3.92723240950281,4.01968924073143,4.11887689662663,3.98379222558863,3.98296142537925,3.51541777785457,3.20266057858814,2.72929424020863,1.97395683641441,1.57906785441225,1.04484506650485,0.304044204013252,-0.0793574484847026,-0.590638233013534,-0.913386053883407,-1.56829669419924,-1.9969954091022,-2.32609735364683,-2.72265226924263,-2.81432909095711,-3.10360144304955,-3.17508886966856,-3.09490649564348,-3.15909470448139,-3.28663573252828,-3.43440506491428,-3.29452852962883,-3.17730436876999,-2.92319074190694,-2.5995846037389,-2.30910254109141,-2.09734665164688,-2.02519164662404,-1.91666969558566,-1.73627120880424,-1.29716101592698,-1.01592837861579,-0.646449651772664,-0.50919480814773,-0.411145587069716,-0.243573207347759,-0.31809001642915,-0.372418112090193,-0.360989831756853,-0.344932515088702,-0.600697318503718,-0.59299010560136,-0.596945864844817,-0.869604953399505,-1.10991688071738,-1.2311699351497,-1.62731559777614,-1.56765484838059,-1.54347527330118,-1.85900738447015,-1.84411730999655,-1.9018838595213,-1.69780733433219
4.10950320290115,3.75281368109727,3.32099819459871,2.87877768165342,2.77425588079675,2.37285140924055,1.7992085245026,1.43716702563191,1.07437232423467,0.678933032305719,0.0571739750177224,-0.44236123010875,-0.862424307825208,-1.28380801702439,-1.6148178140087,-2.16074395248091,-2.6362547461305,-2.93897081838034,-3.03165801102025,-3.28686753431848,-3.61904658492484,-3.96710367812831,-4.21367586965099,-4.01788101190175,-4.1844144299249,-4.2706597952658,-4.21018720839455,-4.17713830739864,-4.05341429593759,-4.18481523460649,-4.03164984091254,-4.12089378547131,-4.06913174402411,-3.65811773472489,-3.40587607414797,-3.23077554876946,-3.09565446831485,-2.9280018762314,-2.9055582932147,-2.59364273633128,-2.49114373595422,-2.08619726290881,-1.62883779354485,-1.60393480723069,-1.34579405521154,-1.04115688849151,-0.517595518928202,-0.240056510999116,0.28365290090259,0.757440256601814,1.03443209585933,1.55046965541219,1.76169690489264,2.39056481454092,2.9104472922894,3.43952275997926,3.88558434126734,4.35491543663572,4.41581912749825,4.62921137697563,5.06457176419542,5.16938067235004,5.38237819201229,5.18146522058061,4.94854519146378,5.10029664244436,5.10811156928126,4.71597702378649,4.46484874045355,4.3447372371487
2.15148105493958,2.54915897679963,3.01192428305399,3.16727555917094,3.55375044080735,3.638846362832,3.83537853291703,4.04456832899531,4.35248178319313,4.66783338498032,4.61397446844774,4.73746646692521,4.82850930881805,4.97195122240419,4.96926003364494,4.90955966793924,4.67848059690719,4.41273038239861,4.06949897388669,3.71272878243242,3.4589617179998,3.14321441818616,2.57850358382934,2.06838520783403,1.48702002857451,0.948287634384653,0.215605781881454,-0.162477395515216,-0.539284814627245,-1.18537337939797,-1.79281561199042,-1.94042994896535,-2.00535322083092,-2.02478427308448,-2.16328911407113,-2.03924479534482,-2.17699033399944,-1.90942321619939,-1.61533215751279,-1.33698445741539,-1.12483762614359,-1.03848623490895,-0.969081218502647,-0.458834895665212,-0.408970028291381,-0.0655038517417954,0.133743416197389,0.208510675596149,0.471997128852087,0.522231023414533,0.887797984890164,0.799688671787375,0.79176860899815,0.781665633338402,0.812002489038888,0.921514341564489,0.846780118115924,0.982022980359667,0.871705398569247,0.949105307616078,1.01883614886608,1.06551086379829,0.98591779821264,1.06538596832501,0.963744127956276,1.14719792144542,1.41383046253123,1.61289977104223,1.67973935089913,2.05160311678029
-1.88942207725418,-1.81526178868315,-1.65865009920605,-1.54412897122382,-1.69583094249251,-1.65551460988153,-1.58167452463747,-1.6307124361221,-1.67187178025134,-1.71378682019458,-1.5784871820616,-1.7753787406628,-1.81236564586469,-2.12760492075682,-2.27867218182399,-2.20513849319704,-2.58951633291727,-2.57473041999888,-2.90744174132652,-3.06959240557858,-3.14653320608038,-3.18313026239308,-3.41658556278863,-3.61542425624857,-3.47386272565036,-3.42387168165109,-3.71584652927505,-3.47597471248836,-3.29123158941749,-3.40091971906273,-3.07196503660139,-3.21924581196394,-3.10949347592082,-2.95040729733505,-2.58545736710766,-2.58122767714311,-2.4826840246174,-2.11566181418993,-2.05751260544163,-1.94231203320446,-1.57829759393471,-1.63381884398374,-1.36784181804501,-1.06652221897345,-0.849622775468601,-0.972718283694313,-0.969781458840807,-0.978357360601527,-0.712857162689715,-0.860483991471395,-0.839617753465092,-0.946150358155746,-0.908815089585724,-0.853080683603981,-1.06368196762601,-1.37932099715204,-1.38811268538752,-1.55758784301339,-1.77379363980884,-1.73344695513127,-1.79558118564092,-1.8232207522238,-1.76849482208562,-1.92545089038908,-1.85897966920128,-1.98556073044733,-1.92066212073722,-2.11097154004045,-2.05579164999262,-1.97986715919594
-3.78351264710798,-3.51438276158274,-3.33874223763372,-3.0813100990992,-3.01143239523849,-2.90931144984266,-2.51074961045996,-2.59323075757474,-2.58032006421623,-2.49978926084165,-2.45552020908813,-2.76589451199807,-2.93189469359002,-3.30181437471728,-3.50418682388092,-3.70503335959063,-3.81184734622012,-3.87698084276008,-3.9910382005719,-3.95915191120318,-3.81304845653548,-3.64040715091868,-3.29349930013236,-3.02539024892811,-2.61001699983109,-2.29975163981861,-1.85541984556841,-1.39842838131627,-1.06242457146406,-0.622563078357997,-0.104749916407166,0.2176318064177,0.701895381603235,1.0209647498605,1.39977277260295,1.66250486840123,1.68859383537983,1.95253158086475,1.99654666113932,1.97344342094545,2.2024029728503,2.34608022396359,2.13708534096546,2.19535639509031,1.8658698568814,1.70829236871719,1.50813497744475,1.09757755167646,0.608433452164375,0.416411247299281,-0.0719171994460636,-0.335137420047467,-0.95238340293289,-1.54152567146531,-2.05993453931628,-2.23329066090248,-2.73255772766933,-3.03813597361295,-3.47487711178968,-4.04262367366045,-4.1091427299838,-4.44648136375843,-4.58175835518098,-4.5032263427247,-4.62592683750921,-4.88330608418581,-4.75533866112352,-4.51303139827355,-4.186610511891,-4.00168321652965
0.389980722464342,0.225869258687614,-0.182621203342053,-0.641309906712776,-0.842736971453022,-0.803838298373879,-0.868439322527177,-0.709255901525267,-0.745427995287439,-0.804479166158494,-0.76877051752033,-0.512138183769588,-0.132484691307385,-0.203447259634887,-0.239087037747548,0.163980596777742,0.279025549041432,0.411016503253621,0.36872234390609,0.545027608706063,0.453775483643217,0.642116982766371,0.522207204277467,0.289124862931587,0.204386752050095,-0.00878376801914596,-0.348956572535771,-0.330556385174333,-0.292559712931608,-0.683406254158885,-0.671715171549218,-0.936996080314098,-1.16054632356553,-1.08798129711139,-0.852406854010783,-0.996907583303159,-0.972926164995473,-0.82400360545389,-0.723993598269403,-0.379394380200781,-0.186087199010621,-0.0681574552882733,0.434057189803314,0.47632544835568,0.955632733617528,1.4016442741067,1.75330904244759,2.19201186317171,2.56521426570292,2.90729908231933,3.26886899099158,3.60411863571452,3.72610122834289,4.20780289193816,4.28638053607126,4.26508694324926,4.45738519678609,4.56867761317218,4.58260149532644,4.51451600752436,4.27367726281975,3.88163172360247,3.54516841779558,3.37566385914032,2.96340580354715,2.52696640357309,1.98634479368543,1.70306719748284,1.13378121642787,0.949697100986026
-3.42088480680585,-3.66384749163294,-4.05914327498546,-4.37591003163521,-4.56775757565623,-4.85335404851168,-4.76618431517608,-4.91164579130723,-4.91704679513121,-4.77153942413619,-4.57407814651382,-4.65910330577212,-4.54286137177569,-4.46119406680841,-4.16755401955794,-4.0177554104332,-3.5521528723382,-3.13978210261709,-2.858110339305,-2.43246127598237,-2.27145434669841,-1.99572776938353,-1.5847192682842,-1.0474953292858,-0.659144298355357,-0.566738780562324,-0.254768434072003,0.038446744757874,0.47976919086594,0.819288102458231,1.26135783277891,1.52218615347911,1.58818541171025,1.9883605987429,2.30280027654192,2.29808250367084,2.38913358858367,2.75116432441248,2.80941411739598,2.69579419160119,2.69264962834656,2.88848042079309,3.012038467107,3.12415123685383,3.15660308023984,2.93630445692965,2.78366416384519,2.67333132795264,2.68226809364074,2.51581936080012,2.64576778873393,2.39122369220455,2.33892608954868,1.90577502648867,1.90809154803409,1.80324200795264,1.72077340306518,1.25584938628559,1.01681693725554,0.544503923178146,0.265895864807935,0.0477670228067183,-0.23776977083537,-0.649147697346526,-1.19571273702616,-1.49694856807459,-2.05812255412162,-2.38672632364325,-2.67449416371069,-3.03246633040787
-1.60665146223007,-1.46617280894001,-1.17621320377022,-1.19138100275205,-0.939727246666013,-0.877057346032905,-0.722216620549051,-0.612153775611057,-0.0700246055624475,0.413311255252036,0.578450255135726,0.834477050831516,1.08719633232902,1.49365757919821,1.83692644654876,2.23427343800789,2.31802013358054,2.62508180218377,2.79342565706053,2.97688744349443,3.23151502753428,3.16769161114894,3.40190475204111,3.1641800030246,3.17213761987362,2.82937706495926,2.88388552085498,2.66130102028546,2.46149430171541,2.11435076110663,1.86799140453028,1.66995377323856,1.53361084806647,1.48184572815335,1.11594088804227,1.12842924783495,1.28409497354734,1.19818547364015,0.985814992274975,1.04324776299722,1.02180789698011,0.834253589002936,0.938743370718311,0.711904290817217,0.754107967205267,0.48222245448791,0.186916860867313,0.25810343182331,-0.0953715405824205,-0.550167914602113,-0.774394961752458,-1.02760777356247,-1.37934902117549,-1.3732375259874,-1.81749517507166,-1.84545641629299,-1.98801647698166,-2.07966921341003,-1.92790702349276,-2.03370618802306,-2.17358622205027,-1.96193098056014,-1.95527462402249,-1.98687723415153,-2.00143131009061,-1.92646518612469,-1.89535840986561,-2.09808837054956,-1.95244794767627,-1.73150451921686
0.100978782621799,0.171881741601701,0.0552546127352793,-0.0649634340389079,-0.0152032793572996,0.169962927820492,-0.0866446382172545,-0.126634713069193,-0.0297596372148415,-0.265349615412225,-0.351313506744654,-0.47293207857246,-0.815788208395687,-1.10570667820986,-1.47408893499662,-1.93968564051631,-2.35309431697913,-2.59123091883778,-2.7830593434251,-3.32006901406357,-3.82129006675824,-4.00527711125338,-4.36299020134676,-4.74567314057292,-4.70137498334791,-4.87818201636566,-4.64774198603833,-4.87355712657519,-4.78512609945182,-4.52183155516705,-4.10487832188495,-3.76370261132623,-3.64663449755268,-3.08571473828393,-2.68590035134127,-2.05181701428354,-1.6496282977447,-1.22290414130066,-0.620934777740423,-0.0714776220422325,0.585938432330815,1.238035990919,1.68839939812095,1.86628680531037,2.18325239862374,2.43385714428644,2.57483926218405,2.70079363951518,2.71024546489585,2.57506293133603,2.56167868954239,2.56794290478861,2.29276748464853,1.91513491798796,1.56965650733218,1.36934945084235,0.8512087337378,0.743170568027961,0.689502914757661,0.494585894952844,0.248619024360529,0.206964477046076,0.254326167871063,0.279152752692483,0.190604650862881,0.0931074412703828,-0.0483047032053469,-0.0379966509595365,-0.161197892024793,-0.000328875982622329
-6.64920202138889,-6.48389888461186,-6.09227404183055,-5.65073788079136,-5.02502386080263,-4.60252840781485,-4.15658547791213,-3.4068957386938,-3.05429290745573,-2.29589008381732,-1.6381563824112,-0.89594253233182,-0.533603067064307,0.0340934976046218,0.663043876658879,0.859865645792274,1.03620849077868,1.39475894753048,1.60300495490928,1.73893284528612,1.89128684034033,1.61251371026404,1.65733080122778,1.49668535011362,1.22046911794184,0.922208288152849,0.935521023847577,0.83314362052192,0.454772352419936,0.474901938455777,0.401951886526202,0.245322942632285,0.35705030066659,0.388472992607636,0.6138824180664,0.807499088289047,0.940332903194432,1.10401247992919,1.2593942529028,1.32892714982487,1.59552451848737,1.87342187846724,1.79502196590102,2.05723702602293,2.29820693148757,2.40565756829576,2.37236654910205,2.16727248086696,2.12594299920093,1.78643070723928,1.58434604217872,1.14698079976811,0.887425620457091,0.275409437556959,-0.249192088941275,-0.832534169293144,-1.41244891098758,-2.08606368605724,-2.64238827096447,-3.43468395340606,-3.95066377064044,-4.72490983071852,-5.40368495209149,-5.79953036868093,-6.09392844779786,-6.40866991910997,-6.74594524596669,-6.69894390504985,-6.65189171221672,-6.68776389064512
-2.90923462766039,-3.13139571079578,-3.40111245189168,-3.46358016957912,-3.60784747195046,-3.45514389807722,-3.64144341797901,-3.59387536312918,-3.53931777192945,-3.35317821294997,-3.51146308051363,-3.55181228504151,-3.2020123156155,-3.06820483982052,-2.73508729297603,-2.57634485857236,-2.49453275788461,-2.01428045156427,-1.55655540817326,-1.13842049129428,-0.867426504381217,-0.563759454821959,-0.265296034398729,0.379691597743687,0.680411616474546,0.937051746440798,1.13678817653786,1.41246270099763,1.39984954523037,1.51196523351099,1.27081105999155,1.00002430317136,0.848826031071746,0.880612493092713,0.499382123747731,0.364668120665272,0.112007356561962,-0.0229650556374071,-0.0819614183097693,-0.335245629571897,-0.450864466603737,-0.482785150597222,-0.45548700016183,-0.212810098392159,-0.331676720802013,-0.284428994887342,0.0473866448139696,0.377978224522125,0.669610923036566,0.928104600428493,1.03079660129943,1.12422105207364,1.23438640316393,1.50786855405962,1.88638153847831,1.80019219934436,2.11277471949692,1.9078829164608,1.64979614793819,1.4461012376427,1.26165395151995,0.981858178950637,0.513000483014545,-0.107482290377899,-0.428159788741263,-0.912076491238289,-1.32602926714091,-1.70365182745089,-2.20314632289379,-2.46042895304498
3.00419690095091,3.26412906225548,3.75198539224406,3.78858823265904,3.92771421981,3.95572865784316,4.02341830493287,3.78965358912362,3.69708039572485,3.56150993226549,3.35109303350567,3.01501013134208,2.86411198826155,2.48090052768834,2.14767365120953,1.8188675380074,1.58884587520151,1.48049895433024,1.3678014556349,1.09656325684648,1.13372940465702,1.24159923766349,1.19302679795316,1.19766801268046,1.02945937814351,0.88684738809493,0.693619221538864,0.752403634774501,0.386914677444341,0.136323076663868,-0.254845064963408,-0.392428770509339,-0.737096709452069,-1.32374208362711,-1.72710239788769,-2.05209179521169,-2.41121053544287,-2.84091091277385,-3.12724242610839,-3.59110101132922,-3.88702093160919,-3.83033151462881,-4.13245423174361,-4.43969879880691,-4.27533296286639,-4.48388051715266,-4.67581513011456,-4.82301668920752,-4.87317097991216,-4.61231524566138,-4.73197554595259,-4.77440315488179,-4.73013926700981,-4.3837143498777,-4.0360471057571,-3.68841644503492,-3.51677030886572,-3.03456482242053,-2.49339411889263,-2.26342435077077,-1.84072298800023,-1.17599428495996,-0.518384066695579,-0.16366358231458,0.544737947521358,0.863023334178505,1.20008719277035,1.81900198915129,2.25908543609773,2.75464215911732
-0.217150866242055,-0.490135953731617,-0.69917408721317,-0.922545998744763,-0.762645343507908,-0.861182111830941,-0.818868950771535,-0.535952728706165,-0.181016178868388,-0.0973020039642535,0.347948713377162,0.437387464533547,0.924430017512353,1.07877926445359,1.2876607619205,1.63645741588221,2.10318448256454,2.07984184531237,2.28832805066847,2.20015417318642,2.29462016460503,2.38317889380102,2.26276433416208,2.15288093427678,1.9819590405307,1.78913019495265,1.76230005002621,1.65265571523364,1.47044547939681,1.34053424309882,1.25676344198319,1.1137658989637,0.854363916834806,0.938619953591512,0.981595069144195,0.743625070987871,0.858428285287875,1.1171564733086,1.18665268577654,1.26023193394093,1.52255071628291,1.70579277440363,2.15420356575405,2.45765741582528,2.55485128198105,2.97107679129169,3.52122625570572,3.96340234496639,4.09319701598981,4.31087920808568,4.70496756098659,4.75801323263379,4.8566883542523,4.74469550071043,4.58834362247421,4.7686868923781,4.69441526820575,4.74025273558465,4.35070271922036,3.90998688138203,3.50202015262397,3.03395133935713,2.77406036841952,2.27624089320967,1.88383670774445,1.62767101844827,1.20503199535097,0.908378874544848,0.433415611212053,0.0560084245190384
1.12089184248311,1.95248623989569,2.50299854846695,3.22036397358352,3.84331074281515,4.21593032371148,4.89651346289722,5.24628031183222,5.65282464251196,5.75963512196704,5.81969000955691,5.99475743761683,6.22215569647954,6.35869195100528,6.47033302571928,6.5673110054329,6.41050723388146,6.40140218044125,6.21399439443528,5.99113830723038,5.74566973984099,5.91308275098376,5.80112819633361,5.75526428602062,5.64178426908595,5.23453669353982,4.94043981462577,4.81557808500745,4.65421090665972,4.37126855969175,3.84534563935477,3.44005652157419,2.92734721488067,2.43622966910488,1.82705590148053,1.11611815520603,0.400760707394335,0.0729472745236913,-0.69311256629976,-1.33928610548175,-1.75147406344173,-2.19480708002078,-2.49495068108065,-3.02629348856611,-3.44767727590391,-3.57298393744573,-3.84017906926914,-4.05172371130228,-4.03521035036583,-4.11009783254836,-4.10712934937494,-3.88494017520686,-3.87123649339121,-4.00222856186955,-3.84064735181304,-3.6643991359819,-3.74256948567145,-3.66858845074035,-3.57061889138305,-3.49363592141633,-3.40925352916733,-3.07419829158975,-2.80702784965023,-2.32494503248871,-1.94449819188219,-1.48840321766648,-1.31727640282765,-0.903277181566517,-0.207230985764256,0.36726735142835
1.77347364292047,1.92164301038568,2.06205109431799,2.20528716784705,2.34727359866847,2.45120610282755,2.527778280897,2.60803139478341,2.65750715930343,2.64673188755674,2.60497935296337,2.54762841450214,2.51800887701612,2.42290475602958,2.36133781982151,2.27203640088461,2.19255989997513,2.10702732993652,1.98225139201724,1.89876710629742,1.80117698354828,1.71816880824534,1.60033688182955,1.56844629233046,1.53693529903513,1.48614408816327,1.438775332214,1.43343089523116,1.43808620038651,1.45075881734777,1.50977924679376,1.5098540065753,1.55583768590588,1.59707909401022,1.60958258477373,1.6890446480794,1.72986521816081,1.78232494575695,1.81326412760342,1.89339726941451,1.9455500113139,1.98707704128804,2.01587212020863,1.9997574005061,1.9699736567397,1.91289579243834,1.81184003524085,1.6759847900582,1.50527760668942,1.29093108296795,1.0685865846064,0.865850848973238,0.695311043577587,0.518025978462151,0.369178187862627,0.25424476755548,0.199139053441279,0.212741996540457,0.25191067481553,0.359443139022798,0.436938509610693,0.552715904094716,0.684813882930638,0.80304358589141,0.952704580200603,1.06868884215755,1.205222326271,1.34759492681889,1.45051159081414,1.60682800333111
0.523805401859764,0.685145272124236,0.779923874768294,0.90623643969337,0.983695019741182,1.0574359914599,1.10938816212105,1.14248097070767,1.11876337539825,1.14818856339901,1.09855980699772,1.07566360416905,0.992924696810029,0.918179944034117,0.855209586149325,0.776932251244006,0.679770280830393,0.592961302251877,0.462045441003658,0.356095215056363,0.215949086440268,0.0616499874200025,-0.10999541346355,-0.317089834236447,-0.532156157412816,-0.748377072046794,-0.93996225705942,-1.17910911243459,-1.38066921965033,-1.53851874204069,-1.67660079015882,-1.79188159836289,-1.86655880743256,-1.93567831169047,-1.96224604825084,-1.95278728848095,-1.91205688834046,-1.87506247918482,-1.78102639871928,-1.69981343136421,-1.58686194529552,-1.44352922908531,-1.3397624166513,-1.18101249633191,-1.07269265057248,-0.988773615410455,-0.886772380085225,-0.828037783788849,-0.813097910092036,-0.807141833642566,-0.797185003602567,-0.80617353434063,-0.829623677342575,-0.830873750358946,-0.821623938923338,-0.845838810132153,-0.812844184920322,-0.770764172996258,-0.746047505648189,-0.685429178613538,-0.640802686490169,-0.564425645290358,-0.467080482678136,-0.361530051092458,-0.298048320092746,-0.171489756783926,-0.0309466866799584,0.121077260001963,0.290084851944117,0.400886963846019
-0.607728543882207,-0.715162809433673,-0.799542888976953,-0.916246782183871,-0.972133183754832,-1.03238727339012,-1.07452340167189,-1.13611827516399,-1.08415243529293,-1.02614204820688,-0.920511529879244,-0.842682906782789,-0.757119058787744,-0.669848020847473,-0.513438976728814,-0.435584103922698,-0.362771427116437,-0.28254589435535,-0.213463050542132,-0.169146822645159,-0.119195492808879,-0.0818757542389204,0.0115706113573691,0.0362174771059205,0.0807191988264381,0.104637676969789,0.15484835098593,0.172141176966006,0.154370396432201,0.130605292404605,0.0812635370559784,0.0536621358224036,-0.0422748577394985,-0.0699756630330284,-0.095358600980147,-0.163051621547346,-0.151334733980662,-0.136370229306639,-0.0720981492688646,0.0195496368712431,0.0982615767425972,0.268280341878385,0.40816305026893,0.532535290125451,0.682958366400354,0.763473396669407,0.819220755150441,0.873920508223195,0.83351901401197,0.811483192321184,0.747264698248926,0.65566564280947,0.543525106475479,0.43582760584422,0.319382166350068,0.219888263742611,0.091650621823677,0.0433541346588181,-0.0257781283318398,-0.128158604006491,-0.174153383569072,-0.20640302312776,-0.253596807670906,-0.280196202564484,-0.312838773210859,-0.343084548423951,-0.365850436723515,-0.408266190910863,-0.458059302831576,-0.508377721285355
0.33680104610851,0.343614355952512,0.317287087801945,0.287672611166789,0.258194144863771,0.265829689113606,0.233462994312315,0.166428988612759,0.119346998386431,0.0942985269792551,0.100994401881684,0.0386568896132223,0.0362232791664984,0.021195759314124,0.0385416530867862,0.0242018790782786,0.0712737469121964,0.116011627132305,0.162175383822702,0.206158650791574,0.233393314509197,0.286338127172816,0.310158871528088,0.303377859295179,0.307134755111502,0.304402919745011,0.233653039713366,0.172106442045466,0.126199230792285,0.0280587328346442,-0.00178178241189539,-0.0643865910151983,-0.129593038904488,-0.195778417704394,-0.217262508668986,-0.22340607496196,-0.208392412625985,-0.196295949740706,-0.181801153376556,-0.141221128950464,-0.0862477124619524,0.0333914189721235,0.0916325901609297,0.139804077601247,0.250559031877423,0.289794554617816,0.357224996903299,0.35006408222385,0.322178061299407,0.314911175685708,0.229149467014308,0.187894088184838,0.0737308259403246,-0.052640193794816,-0.138924994882526,-0.237998640853694,-0.330307749593469,-0.376454374829396,-0.466310553829399,-0.450134259180206,-0.423584879557366,-0.350952230311607,-0.301449816320423,-0.208523830338097,-0.104075726561345,0.022277734432573,0.094015298796317,0.150201856919984,0.259936671781297,0.285574849315222
-0.503549047781346,-0.442736446835639,-0.378246657627467,-0.306874478052452,-0.206763012403984,-0.131447618040423,-0.0508471389117652,0.0629781273214714,0.165641770659037,0.317847506514717,0.467871022196121,0.618791166479911,0.763318123962991,0.929949508959438,1.0759747832049,1.28029161593258,1.41138527559483,1.56317069088426,1.66710617968883,1.82266273053644,1.9090334891909,1.92347283067387,1.96414155314767,1.93734626359099,1.88452004163695,1.80771483684886,1.74245975708831,1.61079908869155,1.52074750031759,1.3887850667833,1.29643530100851,1.20333306821282,1.15003685504377,1.14015794519187,1.11492686078391,1.10089373594297,1.13225102430142,1.16977138343507,1.24460907173543,1.26717435075866,1.27606396465805,1.25265496667746,1.27271307796053,1.27140089236488,1.25721248828939,1.17522177420462,1.12472334602532,1.07690523469394,1.00469763805417,0.904621488222605,0.833447695049801,0.719652670618577,0.607123252236343,0.449063414691789,0.296345821711998,0.17977227601483,0.0002353989841612,-0.177074821652266,-0.298689105505146,-0.417888801390916,-0.511153990895654,-0.600989196394138,-0.672749158978464,-0.725751013623805,-0.692819324388409,-0.685696902161,-0.685699536109972,-0.623861779732676,-0.603376180595929,-0.538213695984899
0.900054441592069,0.848545524253008,0.804977989105591,0.751740601623437,0.716826140180321,0.70461613200906,0.688099093552239,0.668155695643362,0.645869379990652,0.707475145341774,0.692443775880014,0.725977417091184,0.731206859860118,0.690565159846181,0.676144320940194,0.650609064144073,0.593723730073884,0.504040983323345,0.40347456943973,0.276448739038137,0.16275686301854,-0.00549460309719001,-0.16940363151471,-0.329061822863529,-0.483952093143978,-0.600260404523756,-0.704015310234832,-0.8127028603953,-0.839145618676865,-0.862760777275588,-0.803586294029162,-0.686900281294307,-0.567293806681592,-0.400124148553553,-0.227262448203959,-0.0252584169018319,0.17560308464254,0.349320438444196,0.51298405537426,0.683627384282412,0.839767150702158,0.910738595451885,0.940538320062124,0.940414757264799,0.960415883521847,0.942013047333996,0.874539599247657,0.807255513002644,0.70577705366686,0.676910271314523,0.563735885828157,0.528632825274156,0.484875086693183,0.392235165717563,0.325479801075875,0.301510763539797,0.32134189002204,0.274612842882452,0.278713628095083,0.311072423599983,0.351208269102189,0.408872620533591,0.465550105076704,0.549729203703336,0.644481196682467,0.723472133765612,0.796699218424907,0.836270484665972,0.898968520573052,0.89407054623679
1.27140981538237,1.38889862332182,1.48866955535979,1.55396592532978,1.57248826279594,1.58537296250328,1.58772352522807,1.55912580844937,1.51053185295158,1.40275155833895,1.2963263543147,1.11270181024528,0.972368957122169,0.841769876752529,0.631611242756968,0.494490815878977,0.354861385982386,0.227753789559643,0.111289465436413,0.0134689649280032,-0.0606656704256912,-0.110961515163519,-0.177542230021298,-0.217548338901583,-0.288427978671806,-0.32846432795027,-0.403290429196938,-0.493689361572963,-0.533777435630834,-0.65312675692132,-0.709613300235468,-0.756183361638786,-0.800788837661086,-0.85756832380294,-0.859011280233559,-0.831901794425869,-0.78970937853515,-0.748732300492676,-0.702241454261938,-0.652924987890005,-0.615314059500696,-0.57950396673792,-0.580294828105783,-0.554007814710706,-0.599043765864081,-0.663495731177679,-0.727168201859534,-0.775812055152918,-0.850212989102928,-0.956653092365057,-1.07494219276972,-1.17683171018672,-1.21670091611872,-1.24983739147763,-1.24677340921981,-1.27611232176798,-1.21341589837978,-1.10644752059143,-0.936362172353184,-0.763955239227367,-0.547704295128669,-0.349474058659967,-0.118965188368257,0.121340334026318,0.354622830479657,0.555494397228994,0.729692225163128,0.903967529225638,1.06806873801461,1.18780726823926
1.8630072358955,2.89389467380644,3.7314752964298,4.57458405937225,5.44980962704707,5.94830171826434,6.65007648602253,7.01241482790619,7.44613319887934,7.91016605425108,8.29500208702697,8.34322313253183,8.24209025404102,7.90287187238928,7.74450139710122,7.57741453395503,7.36453572704305,7.11294859023422,6.78367294926143,6.31456491201568,5.98373193787647,5.52186029260089,5.26254743039337,4.84475106426442,4.21434610311442,3.55237619009881,3.08572203892846,2.53734943298283,1.82827972426796,0.997457729835229,0.289283607183778,-0.163187525828015,-0.85157228988355,-1.81200616208793,-2.27467070404423,-2.81289865057552,-3.30163691204957,-3.526579599789,-4.11138715493193,-4.45580751118551,-4.80163967411881,-5.12970578006771,-5.36848719338999,-5.58855043250286,-5.62185083586476,-5.56600665130128,-5.81577322478995,-6.15333178522495,-6.17724116431214,-6.1704101453049,-6.23885765541843,-6.32497853482667,-6.27480522034651,-6.30839230063481,-6.03744482331945,-5.97570407739393,-5.81177954151527,-5.61533852105778,-5.34460626070828,-5.09319871506403,-4.65884247611124,-4.33471624486625,-3.96717783204452,-3.33312759024801,-2.83073146540352,-2.1356386795543,-1.3497744745614,-0.537398324088727,0.136344609886895,0.932504564445579
0.533590653647173,0.443872076319416,0.297851027674886,0.218645446631455,0.0995211613688201,0.0125083735441234,-0.0416809581967465,-0.154339541965634,-0.264661538133273,-0.352203926123809,-0.433653993535677,-0.55383030028942,-0.665480785225282,-0.774901644051285,-0.849633515193631,-0.953837419432364,-1.00071491978312,-1.09254942799999,-1.1497786575404,-1.18382853587857,-1.22333623530806,-1.23846342268826,-1.29910674970538,-1.33139252194314,-1.38110795676892,-1.38929935963715,-1.42572454739825,-1.4493856431756,-1.4929416437087,-1.54330322734244,-1.60081830369748,-1.58524288411497,-1.58778716571117,-1.61301938538823,-1.57088125559363,-1.52429861481068,-1.44622866960827,-1.32079319946749,-1.21265349076115,-1.01166686450831,-0.872497396100878,-0.74205782659834,-0.59319534385642,-0.493605322491731,-0.383296249155971,-0.33254627546685,-0.265618640190567,-0.203050102391885,-0.18826808178391,-0.185903783931218,-0.141610850789572,-0.109431359359817,-0.0832784592653638,-0.0328519737492139,0.0157684712581321,0.0773082015815304,0.143099295201897,0.195580703498591,0.2473528985106,0.359360491465723,0.459949814332189,0.561509334525553,0.658137984064097,0.743200885635815,0.776266576891567,0.801608803592312,0.785876875388855,0.757211908964193,0.728322531977495,0.631665806380633
0.0515392887000611,-0.0530923415758235,-0.135005219489008,-0.308363186569804,-0.502080854186813,-0.690576790831696,-0.904798310694424,-1.15775885768618,-1.41454514410713,-1.65707191612666,-1.85869555277652,-2.06281231415463,-2.26555993624511,-2.41626940537716,-2.48625031601527,-2.55624319496984,-2.57676763371176,-2.56487115892084,-2.54919169366946,-2.51436084816245,-2.43483732292612,-2.3324794528909,-2.28881360641803,-2.2004948937829,-2.10216397988696,-2.00798817081253,-1.95612984216208,-1.84043239680102,-1.73780407800971,-1.65143748527167,-1.57966205675311,-1.4570792718721,-1.35379175269535,-1.26400865154404,-1.18307435389498,-1.04665138185007,-0.926661757855945,-0.832759201986449,-0.708588877515366,-0.597243088145883,-0.531694398036742,-0.472338593132073,-0.396404301923299,-0.409545988697651,-0.384967679219725,-0.382860445114258,-0.416975608031793,-0.395994106916259,-0.364254324283423,-0.355152811145225,-0.315509170609265,-0.248001149971482,-0.149841327609339,-0.0474913338142705,-0.0118886081098958,0.0813998887227102,0.157945524994285,0.226329723047625,0.281511584928164,0.311033170875491,0.3108284219535,0.350460724563736,0.368038598090448,0.334131850343835,0.310043050522459,0.293119377934026,0.292122621224728,0.272975820059703,0.195934408353625,0.14962498791123
1.22792582498989,1.31966094699192,1.45534666022861,1.52576709123772,1.59563744517541,1.68873453645147,1.78494623224516,1.85457307451005,1.89507907961909,1.94651114362007,1.93255890393459,1.95262393984246,1.90969733966157,1.89050155037818,1.82245306704849,1.73765972351129,1.61813256115262,1.46624326122608,1.32353493368088,1.19679734048773,1.04843588168074,0.86764417087541,0.729486549349139,0.563860339959986,0.443792084246216,0.305582835598813,0.180860476150342,0.0867506737359451,0.0139242035990951,-0.0873947511093301,-0.12332647865684,-0.176771450716523,-0.208467811891896,-0.243756684104761,-0.269778158167942,-0.283368177610916,-0.356420133242542,-0.382772326192055,-0.399259365905542,-0.474544438392622,-0.544156199325969,-0.578411620141516,-0.627339219440979,-0.668563549877899,-0.722238249029536,-0.781380501929027,-0.848328174867118,-0.897101592305774,-0.918337964791586,-0.928058427280943,-0.952945957047165,-0.974777498701981,-0.955223180483862,-0.90465030825841,-0.82759053044984,-0.715539111523213,-0.626058756424665,-0.538608063338047,-0.425152892415767,-0.252349722931194,-0.132246089085089,0.0170102919626193,0.173125616803251,0.32447694958187,0.48393553125414,0.593997834602381,0.716040119036493,0.876191452503095,0.993128010547271,1.12054352794361
0.455181366380086,0.421646259195431,0.370814599382589,0.320458113967446,0.300741833728967,0.278338238118275,0.196817324804478,0.137954133588252,0.149988615024158,0.140508511805948,0.101902357061027,0.143808739544523,0.174041785923496,0.191603624851357,0.249458116797668,0.280388436815761,0.309951427819609,0.358850234485565,0.415922909564593,0.406316811470289,0.466802587123663,0.465699380097832,0.484549891673288,0.507036685536468,0.476731932898751,0.511887247707724,0.495861788608263,0.531228570451183,0.510421379197179,0.485038517056784,0.521103892997202,0.484355962381265,0.422550230112467,0.360089408362068,0.277136513041055,0.160749496353565,-0.00715685917380568,-0.187992117429121,-0.347980226314724,-0.501909334196872,-0.726140894687693,-0.846272724827098,-1.01618875955209,-1.12027363231032,-1.17118396523089,-1.21978595158501,-1.21683324009198,-1.17094423624297,-1.11238462480041,-1.03305548511658,-0.938977074319956,-0.792704070112217,-0.61574658939573,-0.460541426037646,-0.329683265683625,-0.137764913027163,0.0200552307739449,0.127294007764636,0.269642763002167,0.344039460636282,0.438681812939765,0.452404026050768,0.505950210225441,0.496866562554768,0.519732348209958,0.532722187973332,0.50762829130004,0.465382311335161,0.469138490751691,0.501900027930688
-1.2979866348103,-1.53754875595815,-1.77843921986134,-2.01050453709636,-2.20312239616012,-2.43097179888802,-2.6293534438739,-2.83138550904875,-3.02149304198571,-3.17413180560549,-3.31156101069558,-3.44550585466347,-3.52173978400265,-3.52533060280039,-3.49153262097942,-3.43732244314364,-3.32601899808729,-3.1257239334608,-2.8968949632917,-2.61246816575459,-2.26942310841373,-1.97437982263315,-1.66588119225336,-1.28098355363467,-0.904398418594532,-0.523500409924806,-0.188003726847204,0.212156770561196,0.552571214798664,0.903848334436676,1.26885217350895,1.6006473322314,1.912577355554,2.14227661687977,2.39638153573753,2.57960956966259,2.7446452104434,2.84316818684453,2.95662013648981,2.96814414842212,2.99894046376852,3.01661296902554,2.99485771147375,2.94749262610308,2.92185063271274,2.84360098601741,2.80071398575006,2.75682637753278,2.68832429030118,2.58993425764904,2.47461937003084,2.39473884460705,2.30569680199277,2.15936455505744,2.00465001344754,1.8764295961752,1.65704539350268,1.45265663978947,1.26136099856054,1.05634787748155,0.861427966460766,0.65678070948812,0.39012018250574,0.174243149341299,-0.00893004515345329,-0.22808035409868,-0.457928145607383,-0.653549683960243,-0.882710804065459,-1.11017648629576
-0.458418431754208,-0.430899225074315,-0.41216350178841,-0.365823130586362,-0.272507980121984,-0.199496308256949,-0.1029496307614,0.00867562941924709,0.0884602180714995,0.127388281794214,0.153430776584344,0.230994386848568,0.278347620456293,0.280788438604549,0.282868820196576,0.304524838168385,0.317241577973317,0.30428431758648,0.289704676250821,0.329297842350894,0.369054069856407,0.353461128175287,0.38047493984524,0.477687410968498,0.544134562373537,0.643709228003022,0.785558297938901,0.941023862294784,1.13131046769747,1.32871515420146,1.4965583427089,1.70931886666327,1.94393503152258,2.13452121910717,2.33888014470465,2.47422070666345,2.63598376630624,2.79492946052966,2.87520584413536,2.93660517906868,3.00234544645625,2.99753829238688,2.9383741259694,2.85778007904263,2.73144921403764,2.59446018925392,2.40563007090327,2.22354007743767,1.94146386254914,1.68641235977331,1.38626941753236,1.08393318779387,0.839456794863975,0.602999659462658,0.393994547199174,0.212467856786366,0.0764714665904101,-0.0528746978864269,-0.127616523516933,-0.174680249742524,-0.196143704451544,-0.215701832984651,-0.208737060996797,-0.243004343702177,-0.28537285593583,-0.330511409946273,-0.370511948461065,-0.416236885265062,-0.479283757683465,-0.479131587411576
-0.690210464360922,-0.585882165295009,-0.521715418619453,-0.402295302338304,-0.317462684598874,-0.183900902952815,-0.065520648665537,-0.00677856714578797,0.0657095172996334,0.140032921231019,0.192050859347291,0.282112169862899,0.293121135054721,0.354878243858429,0.402985350943244,0.41408866742774,0.494429392689982,0.540223768885269,0.649479114563799,0.750856571779488,0.851428809849442,0.921389536886623,1.05539771443325,1.12682721788146,1.23085863130194,1.27178263779631,1.29482460199122,1.34038582459368,1.31501579394771,1.25922359936159,1.1787434570625,1.12286069990701,0.985042529134116,0.851232871106454,0.717928244923606,0.540992831889432,0.35647400007719,0.207193418760756,-0.000942721462906247,-0.155129640525324,-0.324722612608638,-0.520806460664408,-0.665674807080505,-0.794173721627657,-0.960633567756892,-1.09443970474938,-1.19420119057223,-1.25385263908845,-1.29909583547023,-1.34281156623747,-1.38531966022976,-1.33904685956712,-1.33401011005453,-1.29584108177859,-1.27452785136237,-1.19002133612532,-1.14132685346063,-1.12075109165826,-1.09498508323605,-1.06796520327298,-1.06914893475848,-1.03720454738996,-1.04034451526802,-1.01398016413386,-0.975552271935193,-0.992088465809702,-0.977705873843223,-0.927475212867965,-0.858615584725574,-0.764429344816115
1.99808645949886,1.85753248289504,1.75173257722217,1.65926868147301,1.52494759906227,1.4510792444334,1.40765932127039,1.38793542419209,1.33009100160557,1.30191881803222,1.27454944992277,1.2915423005747,1.25095113388969,1.22279675064805,1.16536107078651,1.09951672758454,1.00498187389033,0.883999015559849,0.826315652388601,0.721580620130695,0.628660184304307,0.510661999259874,0.427404209449421,0.324328645018927,0.254550647254563,0.154376712778748,0.0456382008790986,-0.0403924427962947,-0.118266786237868,-0.208671597638335,-0.30273700217742,-0.373067962347803,-0.466769496022547,-0.508502093923601,-0.559978656111477,-0.600668238037678,-0.629190619788872,-0.657208674016421,-0.652139930578939,-0.599909702790587,-0.587080895511318,-0.551966576547762,-0.4793310984737,-0.397460841995267,-0.263075659370888,-0.159383793722583,0.0114997967003688,0.203798378868345,0.392966438115264,0.616764549660656,0.814302217165937,1.09302734121273,1.31844743090113,1.60543074601886,1.84251329130033,2.03601518831679,2.21799151628441,2.41293383657871,2.50882956240157,2.56960539576074,2.61948184253182,2.62502283763887,2.6149949174517,2.55156986871868,2.52024031057158,2.46027346596949,2.36172237921831,2.28913312560482,2.19361961654632,2.07073356708323
